0.0   0.0
0.6   0.0
1.2666666666666666   0.0
1.9333333333333333   0.8337926697150798
2.6   0.8332940851819203
3.2666666666666666   2.500128006553938
3.4   2.4998412850768092
3.4   2.499769646227099
3.4   3.3319208321349643
3.3333333333333335   4.168638766294234
3.2666666666666666   3.3335176435238427
3.2   3.3282825314605375
3.2666666666666666   3.338125613226193
3.2666666666666666   3.3343508104831474
3.2666666666666666   4.165327388951302
3.2   3.3345557147672484
3.2666666666666666   3.3329169853435294
3.3333333333333335   3.400899861098747
3.2666666666666666   3.333790762763895
3.2666666666666666   4.167084833629712
3.2666666666666666   3.332616720759875
3.2   3.334323460684975
3.2666666666666666   3.332507537965439
3.2666666666666666   4.1681263445125065
3.2   3.3333538001256686
3.2666666666666666   3.3334767061664676
3.2666666666666666   3.3330534568345525
3.3333333333333335   3.3333265333472166
3.2666666666666666   4.1670165293744565
3.2   3.3328214452875544
3.2   3.3338180704807785
3.2666666666666666   3.3331080818891694
3.2666666666666666   3.3311434396361084
3.3333333333333335   4.170228041414054
3.3333333333333335   3.401113061184628
3.2666666666666666   3.3326849594744683
3.3333333333333335   3.334446404887751
3.2666666666666666   3.333149043522697
3.3333333333333335   4.1583124091211445
3.2   3.3399202907315053
3.2666666666666666   3.3331080485603235
3.2666666666666666   3.3338181038238104
3.2666666666666666   4.164048604387642
3.2666666666666666   3.3355124235996523
3.2   3.33357228379464
3.2666666666666666   3.3332582350253133
3.2666666666666666   3.3331217467648497
3.3333333333333335   4.165395596200475
3.2   3.33484268313171
3.2666666666666666   3.3331899728326233
3.3333333333333335   3.3332309364789414
3.2666666666666666   3.4016959583814304
3.2666666666666666   4.16275359503228
3.2666666666666666   3.3362371607957098
3.2   3.3339000296603714
3.2666666666666666   3.3331353784232127
3.2666666666666666   4.166811713382398
3.2666666666666666   3.3333674670161892
3.2666666666666666   3.3334903407283867
3.2666666666666666   3.3338863917468538
3.2666666666666666   3.333230936478971
3.2666666666666666   4.166589876415271
3.2   3.3327668296276305
3.3333333333333335   3.333804433237788
3.2666666666666666   3.333886358402456
3.2666666666666666   3.33282141196447
3.2666666666666666   4.167016571048125
3.2666666666666666   3.333312866792337
3.2   3.4012978284505793
3.2666666666666666   3.3336542308896027
3.2666666666666666   3.333449370705918
3.2666666666666666   4.165651497396757
3.2   3.333449370705918
3.2666666666666666   3.333094417125533
3.3333333333333335   3.334009303719667
3.2666666666666666   3.3331899728325936
3.2666666666666666   4.166197427850337
3.2666666666666666   3.3334630383801827
3.2   3.3334084016905448
3.2666666666666666   3.3333674670161892
3.2666666666666666   3.3320709116270137
3.2666666666666666   4.169732337275735
3.2   3.3333265000139876
3.2666666666666666   3.3323301353460844
3.3333333333333335   3.3339683209397593
3.2666666666666666   3.3335313117579286
3.2666666666666666   4.2527776311136165
3.2   3.3330671212623684
3.3333333333333335   3.3332992003495514
3.2666666666666666   3.3337634554943705
3.2666666666666666   4.166862967581042
3.2666666666666666   3.3329169520185347
3.2   3.3326985875603503
3.3333333333333335   3.3339819928698327
3.2666666666666666   3.334241514036921
3.2666666666666666   4.166180306777687
3.2   3.3334903740648336
3.2666666666666666   3.333422069028822
3.2666666666666666   3.3333265000139876
3.2666666666666666   3.332916985343544
3.3333333333333335   4.168587510105411
3.2666666666666666   3.331429820962278
3.2   3.334200525548003
3.2666666666666666   3.332998866897027
3.2666666666666666   3.4016532599518037
3.2666666666666666   4.168109290973316
3.2   3.33276682962766
3.3333333333333335   3.332548451522041
3.3333333333333335   3.3335176768608505
3.2666666666666666   4.1673238119585525
3.2   3.3345010756100346
3.2666666666666666   3.3335449801041155
3.2666666666666666   3.332070878318981
3.2666666666666666   3.332835074489688
3.3333333333333335   4.166760543781729
3.2666666666666666   3.3348700080843288
3.2   3.333504008738562
3.2666666666666666   3.3321664086570224
3.2666666666666666   3.33476067759861
3.2666666666666666   4.167477491087291
3.2   3.331061649220395
3.3333333333333335   3.33499299259611
3.2666666666666666   3.4016390620935666
3.2666666666666666   3.330652657541929
3.3333333333333335   4.169629814094002
3.2   3.333176307397537
3.2   3.3328623665523156
3.3333333333333335   3.3337771257442683
3.2666666666666666   3.3332992003495514
3.2666666666666666   4.1663851023614065
3.2666666666666666   3.3339819595235816
3.2   3.332807782874034
3.3333333333333335   3.333845411988653
3.2666666666666666   3.3317025981795902
3.3333333333333335   4.168826660824483
3.2   3.3330261616422723
3.3333333333333335   3.3330534901623063
3.3333333333333335   3.333790762763851
3.2666666666666666   4.251746711938041
3.2666666666666666   3.3337224787582733
3.2   3.3332036383797616
3.2666666666666666   3.3334084350253828
3.2666666666666666   3.333517643523887
3.2666666666666666   4.16466233962244
3.2   3.3348836874107497
3.2666666666666666   3.333681503029549
3.2666666666666666   3.3327804917053427
3.3333333333333335   3.333504008738621
3.2666666666666666   4.167357948003071
3.2   3.333422102363874
3.2666666666666666   3.3334084016905448
3.2666666666666666   3.3342141993827132
3.2666666666666666   3.3330534901623063
3.2666666666666666   4.162804707855045
3.2666666666666666   3.334924659333015
3.2   3.3352390222058776
3.2666666666666666   3.4011983625854936
3.2666666666666666   3.332357419139629
3.3333333333333335   4.167426263451572
3.2   3.3335176768609096
3.2666666666666666   3.3341322247556637
3.2666666666666666   3.3327668296277193
3.3333333333333335   3.33301249755025
3.3333333333333335   4.167648231178091
3.2666666666666666   3.3331899728326526
3.2   3.3331899728325345
3.3333333333333335   3.333094417125592
3.3333333333333335   3.333422102363874
3.2666666666666666   4.1636395757859415
3.2666666666666666   3.3355670959060295
3.2666666666666666   3.333544980104175
3.2666666666666666   3.3336268925174513
3.2666666666666666   4.1664021834561735
3.2   3.401639062093443
3.2666666666666666   3.333230936478971
3.2666666666666666   3.333722478758333
3.2666666666666666   3.3334494040415454
3.2666666666666666   4.166009686939085
3.2666666666666666   3.3336815363697903
3.2   3.333572283794581
3.2666666666666666   3.3338317411787313
3.2666666666666666   3.3331626754042767
3.3333333333333335   4.1666069175235
3.2   3.3332446023619715
3.2666666666666666   3.3335586152245487
3.2666666666666666   3.333558648562391
3.2666666666666666   3.3336951726074133
3.2666666666666666   4.165753825031026
3.2666666666666666   3.3339273391672988
3.2   3.3332036383797616
3.2666666666666666   3.3335313117579286
3.2666666666666666   4.251497909851455
3.2666666666666666   3.33328556735118
3.2   3.333667866903695
3.2666666666666666   3.3324802183974698
3.3333333333333335   3.3343508104831847
3.2666666666666666   4.1673067649856685
3.2   3.332916952018594
3.3333333333333335   3.3331899728325345
3.3333333333333335   3.3334630383801827
3.2666666666666666   3.33328556735118
3.2666666666666666   4.1667434597485595
3.2666666666666666   3.3333674670162483
3.2   3.3336268925174513
3.2666666666666666   3.3325075379654834
3.2666666666666666   3.3350066729314936
3.2666666666666666   4.166999484915469
3.2   3.331388901573184
3.3333333333333335   3.334200525547944
3.2666666666666666   3.333913701030411
3.2666666666666666   3.3335586152245487
3.2666666666666666   4.251089304224629
3.2666666666666666   3.3336268925175694
3.2   3.333135378423124
3.2666666666666666   3.3322209713287028
3.3333333333333335   4.168365484019643
3.2666666666666666   3.333845411988653
3.2   3.332903288821988
3.3333333333333335   3.3325757722088167
3.3333333333333335   3.3341322247556637
3.2666666666666666   4.168228835469689
3.2   3.3332992003494923
3.2666666666666666   3.3326985875603503
3.3333333333333335   3.332398362324836
3.3333333333333335   3.331470741356491
3.3333333333333335   4.171014573968763
3.2666666666666666   3.33331283345944
3.2   3.3327395391296055
3.2666666666666666   3.3329306153271063
3.3333333333333335   3.3344600807391647
3.2666666666666666   4.251888891435536
3.2   3.3337497853564644
3.2666666666666666   3.332193723080052
3.3333333333333335   3.333572250456584
3.2666666666666666   3.3313070991033804
3.3333333333333335   4.169356360148165
3.2   3.333654197549819
3.2   3.33328556735118
3.2666666666666666   3.3333265000139876
3.2666666666666666   3.332903322146724
3.2666666666666666   4.167596957659477
3.2666666666666666   3.3330944504541504
3.2   3.333708808956475
3.2666666666666666   3.3328896923863316
3.3333333333333335   3.331525281248026
3.3333333333333335   4.169339254822322
3.2   3.333640561647522
3.2666666666666666   3.3312797992139
3.3333333333333335   3.4035169152919154
3.2666666666666666   3.3330398258462117
3.2666666666666666   4.167033615646814
3.2666666666666666   3.3332446023620896
3.2   3.3337224787582143
3.2666666666666666   3.331675325107865
3.2666666666666666   3.3352116912056124
3.2666666666666666   4.166999484915618
3.2   3.3321118144632496
3.3333333333333335   3.3338727206008465
3.2666666666666666   3.3335449801040564
3.2666666666666666   3.3290994179844975
3.3333333333333335   4.167528719982446
3.2666666666666666   3.336606444156883
3.2   3.332466592097379
3.2666666666666666   3.3344327625038446
3.2666666666666666   3.331811728235165
3.2666666666666666   4.169390529499455
3.2   3.332903288821988
3.3333333333333335   3.4019092582957584
3.2666666666666666   3.3341731782152215
3.2666666666666666   4.166214465748528
3.2   3.333504008738562
3.2666666666666666   3.3301075247761864
3.2666666666666666   3.3341185515934293
3.2666666666666666   3.335649141106095
3.2666666666666666   4.166299782307765
3.2666666666666666   3.3345147185530544
3.2   3.3342005588986265
3.2666666666666666   3.3307344278739963
3.3333333333333335   3.33559446611006
3.2666666666666666   4.165173868352236
3.2   3.3348017132237087
3.2666666666666666   3.33242564723545
3.3333333333333335   3.333176307397478
3.3333333333333335   3.3302710491954755
3.3333333333333335   4.1705186828377965
3.2666666666666666   3.333599587932375
3.2   3.4027200003010893
3.2666666666666666   3.3320981911758647
3.3333333333333335   4.166726375855629
3.2   3.333831774521918
3.2666666666666666   3.3330261616422723
3.3333333333333335   3.333422069028763
3.2666666666666666   3.333230936478971
3.2666666666666666   4.166897096076138
3.2666666666666666   3.3308844005044325
3.2   3.332835074489629
3.3333333333333335   3.3368663740816005
3.2666666666666666   3.331225267359619
3.2666666666666666   4.170381934820848
3.2   3.3327531676619278
3.3333333333333335   3.332944278747763
3.3333333333333335   3.334173178215103
3.2666666666666666   3.3325894327202485
3.3333333333333335   4.166641041824152
3.2   3.4012836335592813
3.2666666666666666   3.3320981911757466
3.2666666666666666   3.3325075379654834
3.3333333333333335   4.163537351992934
3.2666666666666666   3.3377970360655014
3.2   3.3339273391674173
3.2666666666666666   3.3336815363697903
3.2666666666666666   3.3330534568345676
3.3333333333333335   4.16763113986499
3.2   3.332425647235568
3.3333333333333335   3.3342005255480625
3.2666666666666666   3.330475485623894
3.3333333333333335   3.336962146188854
3.2666666666666666   4.162123459183476
3.2666666666666666   3.335608118001669
3.2   3.333995631565454
3.2666666666666666   3.332684959474409
3.2666666666666666   3.3351980091883715
3.2666666666666666   4.250432099777365
3.2   3.333176340727674
3.3333333333333335   3.334391769312651
3.2666666666666666   3.328759019264149
3.3333333333333335   3.3363328633942184
3.2666666666666666   4.165736790900163
3.2   3.3355944327316047
3.2666666666666666   3.331648019182653
3.2666666666666666   3.3348836874109273
3.2666666666666666   3.334214199382654
3.2666666666666666   4.165839122724932
3.2666666666666666   3.33336746701613
3.2   3.3333811006845027
3.2666666666666666   3.3332855673510613
3.2666666666666666   3.33331283345944
3.2666666666666666   4.164832849115043
3.2   3.3356627934450183
3.2666666666666666   3.3330261949694653
3.3333333333333335   3.4004593184026652
3.2666666666666666   4.168553353914601
3.2666666666666666   3.3325211979174054
3.2   3.333394767798847
3.2666666666666666   3.333777125744505
3.2666666666666666   3.3331490101929284
3.2666666666666666   4.161221084694306
3.3333333333333335   3.336442330389915
3.2666666666666666   3.334624032911635
3.2666666666666666   3.3337361486721777
3.2666666666666666   3.3335176435237686
3.2666666666666666   4.165941501229725
3.2   3.3309798295346678
3.3333333333333335   3.3353347009206296
3.2666666666666666   3.333463071716113
3.2666666666666666   4.16594145957741
3.2666666666666666   3.333872720600728
3.2   3.331211618029608
3.2666666666666666   3.4043854101317446
3.2666666666666666   3.3338317411786127
3.2666666666666666   4.1662485836214325
3.2   3.3345420714889236
3.2666666666666666   3.332548484839682
3.3333333333333335   3.3325893994015523
3.3333333333333335   3.334678709458689
3.2666666666666666   4.166180306777612
3.2   3.333149043522697
3.2   3.331225267359619
3.3333333333333335   3.335703817894557
3.2666666666666666   3.333613256838529
3.2666666666666666   4.166402141794793
3.2666666666666666   3.3338317411786127
3.2666666666666666   3.3326985875603503
3.3333333333333335   3.3341595714166945
3.2666666666666666   4.16771647276888
3.2   3.332957942280329
3.3333333333333335   3.333271901132157
3.2666666666666666   3.398968086884668
3.2666666666666666   3.3363602461668487
3.2666666666666666   4.1663339015777385
3.2666666666666666   3.3326576369974803
3.2   3.334173211565357
3.2666666666666666   3.333490340728298
3.2666666666666666   3.3311434729258536
3.3333333333333335   4.168843761944295
3.2   3.333162675404395
3.3333333333333335   3.3333265000139876
3.2666666666666666   3.3296034117034004
3.3333333333333335   3.337071621075356
3.2666666666666666   4.166760543781876
3.2   3.3329442454220892
3.2   3.3337907961062774
3.2666666666666666   3.333230936478971
3.2666666666666666   3.3327668296278374
3.2666666666666666   4.169082942067161
3.2666666666666666   3.3329579089546186
3.2   3.331334366146823
3.3333333333333335   3.397832796324507
3.2666666666666666   3.3381256132263193
3.2666666666666666   4.166606959188827
3.2   3.334186851825625
3.2666666666666666   3.3328760294132245
3.3333333333333335   3.3332036383797616
3.2666666666666666   3.3343234606850047
3.2666666666666666   4.167118965759267
3.2666666666666666   3.3317298716979518
3.2   3.3313343661470594
3.3333333333333335   3.3322209713287028
3.3333333333333335   3.338344722897523
3.2666666666666666   4.165054499021603
3.2   3.333312866792248
3.2666666666666666   3.3330671212624274
3.3333333333333335   3.334350777129496
3.2666666666666666   3.333149043522697
3.3333333333333335   4.164645272790643
3.2666666666666666   3.333408435025264
3.2   3.400558810428905
3.2666666666666666   3.3339546491216985
3.2666666666666666   4.168092195878745
3.2666666666666666   3.334309819306974
3.2666666666666666   3.333408435025264
3.2666666666666666   3.3258885977783494
3.2666666666666666   3.3407565947094233
3.2666666666666666   4.163878200713207
3.2   3.3348836874109273
3.2666666666666666   3.333872720600728
3.2666666666666666   3.332493878125308
3.2666666666666666   3.334309819307211
3.2666666666666666   4.166248583621137
3.2   3.335075009555673
3.2   3.333244569030292
