0.0   0.0
1.3333333333333333   0.0
2.6666666666666665   0.8332974932081632
4.066666666666666   1.6664107059822204
5.333333333333333   3.333340166680719
6.666666666666667   4.165856199343011
8.0   5.835472500842556
9.333333333333334   8.332190073533654
9.933333333333334   9.168112386308815
9.933333333333334   11.04263386973144
9.933333333333334   10.428056109333326
9.933333333333334   12.579891431008086
9.933333333333334   11.66449275515212
9.933333333333334   12.502739850410803
9.933333333333334   11.663489765324076
9.933333333333334   12.49838745805066
9.933333333333334   11.66673830043979
9.933333333333334   12.499001704734104
9.933333333333334   11.668554522102548
9.933333333333334   12.487647593629317
9.933333333333334   12.507556440224084
9.933333333333334   11.013065356378515
9.933333333333334   12.572312167895944
9.933333333333334   13.356585608942753
9.933333333333334   11.672284186877055
9.933333333333334   12.508684279147857
9.933333333333334   12.494805409598733
9.933333333333334   11.665066102947115
9.933333333333334   12.503251970805234
9.933333333333334   12.475549171179017
9.933333333333334   11.694040310105875
9.933333333333334   12.021992012722963
9.933333333333334   12.573477595630873
9.933333333333334   12.501766624642483
9.933333333333334   11.661675119865006
9.933333333333334   12.507556440223194
9.933333333333334   11.663824076100672
9.933333333333334   12.500844932108967
9.933333333333334   12.756306340268775
9.933333333333334   11.654851677326741
9.933333333333334   12.514942340557045
9.933333333333334   12.494038219782357
9.933333333333334   11.799347990685238
9.933333333333334   12.577315311989624
9.933333333333334   12.339929176642324
9.933333333333334   11.67285818410506
9.933333333333334   12.494140497988976
9.933333333333334   12.503405677638455
9.933333333333334   11.642941611685655
9.933333333333334   12.519819751053953
9.933333333333334   12.5099661896642
9.933333333333334   11.663107669361331
9.933333333333334   12.262456114631696
9.933333333333334   12.575177515685485
9.933333333333334   12.493322069487744
9.933333333333334   11.67290606841855
9.933333333333334   12.496800943925662
9.933333333333334   12.500128001311376
9.933333333333334   11.65976571772864
9.933333333333334   12.505096326957414
9.933333333333334   12.508684279146967
9.933333333333334   11.662009443195752
9.933333333333334   12.497312577903596
9.933333333333334   11.800671106997928
9.933333333333334   12.570758442254402
9.933333333333334   12.35313458659174
9.933333333333334   11.90130943204973
9.933333333333334   12.503764258229818
9.933333333333334   12.489078550588635
9.933333333333334   11.671662371595136
9.933333333333334   12.505865000567889
9.933333333333334   12.493219929544098
9.933333333333334   11.673671453222205
9.933333333333334   12.020382067556024
9.933333333333334   12.568137608186456
9.933333333333334   12.508735600594047
9.933333333333334   11.665687098921401
9.933333333333334   12.503405677638455
9.933333333333334   12.485655105991672
9.933333333333334   11.675442045663043
9.933333333333334   12.75481362584638
9.933333333333334   12.500998454746853
9.933333333333334   11.669893041996188
9.933333333333334   12.498643397245138
9.933333333333334   11.797113023713496
9.933333333333334   12.576877895456816
9.933333333333334   12.341941004103104
9.933333333333334   11.671710246098202
9.933333333333334   12.488669779228914
9.933333333333334   12.50581370267422
9.933333333333334   11.667120751006397
9.933333333333334   12.498899221945297
9.933333333333334   12.505916298883285
9.933333333333334   11.66525715364446
9.933333333333334   12.258515578887032
9.933333333333334   12.578530319800338
9.933333333333334   12.491583545754127
9.933333333333334   12.505198786291784
9.933333333333334   11.656998119286541
9.933333333333334   12.509453393929604
9.933333333333334   11.665304858977315
9.933333333333334   12.495777551807304
9.933333333333334   12.504020417684641
9.933333333333334   11.667933104125948
9.933333333333334   12.480293865592222
9.933333333333334   11.81240978508288
9.933333333333334   12.577558294774127
9.933333333333334   12.351166132261882
9.933333333333334   12.743735279138622
9.933333333333334   11.676686314425814
9.933333333333334   12.497926843894813
9.933333333333334   12.499001704734104
9.933333333333334   11.671901514495971
9.933333333333334   12.494600833088548
9.933333333333334   12.504788959026978
9.933333333333334   11.218227987105633
9.933333333333334   12.577898462712952
9.933333333333334   12.500332758857862
9.933333333333334   12.485706238641125
9.933333333333334   11.681858456314885
9.933333333333334   12.494396263276396
9.933333333333334   11.66602153567525
9.933333333333334   12.76164068879849
9.933333333333334   12.49347553227294
9.933333333333334   11.67285818410506
9.933333333333334   12.496084476889946
9.933333333333334   11.799302325188293
9.933333333333334   12.550548235087295
9.933333333333334   12.360592639615282
9.933333333333334   12.509914858119693
9.933333333333334   11.66315547371109
9.933333333333334   12.501971560915544
9.933333333333334   12.504532768083465
9.933333333333334   11.659383865722571
9.933333333333334   12.505506299478746
9.933333333333334   12.499206425383491
9.933333333333334   11.442062638532068
9.933333333333334   12.565469315033088
9.933333333333334   12.509299538369799
9.933333333333334   12.504481606207793
9.933333333333334   11.661340932262894
9.933333333333334   12.502483618370453
9.933333333333334   11.664540570856861
9.933333333333334   12.500537648124586
9.933333333333334   12.504686506409067
9.933333333333334   11.664206219006969
9.933333333333334   12.500025625052254
9.933333333333334   11.792736634633517
9.933333333333334   12.579502495080034
9.933333333333334   12.348495498360407
9.933333333333334   12.752575079025474
9.933333333333334   11.67008436757524
9.933333333333334   12.496903267369676
9.933333333333334   12.49721024775671
9.933333333333334   11.67290606841855
9.933333333333334   12.497261475093078
9.933333333333334   12.503610542580322
9.933333333333334   11.213369889303706
9.933333333333334   12.582857606157386
9.933333333333334   12.498029185778295
9.933333333333334   12.499411152740098
9.933333333333334   11.670371309335474
9.933333333333334   12.497414909725418
9.933333333333334   12.494600957980156
9.933333333333334   11.912558309505332
9.933333333333334   12.496340321773165
9.933333333333334   11.671901514495971
9.933333333333334   12.488516434483476
9.933333333333334   11.80413993095812
9.933333333333334   12.576635057590371
9.933333333333334   12.333010041974225
9.933333333333334   12.515506963437481
9.933333333333334   11.66243914909967
9.933333333333334   12.497926718936707
9.933333333333334   12.506582589614565
9.933333333333334   11.661293259345467
9.933333333333334   12.507248826202371
9.933333333333334   12.485144426053436
9.933333333333334   11.452689989664032
9.933333333333334   12.578141468030124
9.933333333333334   12.49403809490111
9.933333333333334   12.504737795055785
9.933333333333334   11.661866176074328
9.933333333333334   12.498950463129184
9.933333333333334   12.502739725356435
9.933333333333334   11.667789808113506
9.933333333333334   12.504379033538076
9.933333333333334   12.488925195803837
9.933333333333334   11.673910678459878
9.933333333333334   11.795790705114738
9.933333333333334   12.57498324972989
9.933333333333334   12.349854063472703
9.933333333333334   12.749005674449329
9.933333333333334   11.672045028295152
9.933333333333334   12.497107919285602
9.933333333333334   12.49895058810865
9.933333333333334   11.672714650308137
9.933333333333334   12.484991167867934
9.933333333333334   12.513146311515046
9.933333333333334   11.217653607368629
9.933333333333334   12.58310080313574
9.933333333333334   12.498182639262403
9.933333333333334   12.491992507882403
9.933333333333334   11.674819777058396
9.933333333333334   12.495163621968553
9.933333333333334   12.49772204020378
9.933333333333334   11.894202644309905
9.933333333333334   12.504481481118582
9.933333333333334   12.514069944260026
9.933333333333334   11.662104917707312
9.933333333333334   11.798800584903232
9.933333333333334   12.57619768837068
9.933333333333334   12.33922765282111
9.933333333333334   12.508786797285113
9.933333333333334   11.662152597261317
9.933333333333334   12.500025625052254
9.933333333333334   12.49122553862068
9.933333333333334   11.673719344208315
9.933333333333334   12.507351320812523
9.933333333333334   12.494447467544811
9.933333333333334   11.444958928048662
9.933333333333334   12.575371906249705
9.933333333333334   12.486625700078061
9.933333333333334   12.514480505392973
9.933333333333334   11.664110710086874
9.933333333333334   12.500742419092676
9.933333333333334   12.489027515095383
9.933333333333334   11.674436938404833
9.933333333333334   12.507556440223194
9.933333333333334   12.496698497223717
9.933333333333334   11.666881803967359
9.933333333333334   11.796930544373073
9.933333333333334   12.569205219082228
9.933333333333334   12.5865064293633
9.933333333333334   12.497415034674177
9.933333333333334   12.504993869301998
9.933333333333334   11.651705061748064
9.933333333333334   12.508786797285113
9.933333333333334   11.672284186877885
9.933333333333334   12.4954194291456
9.933333333333334   12.505916173764478
9.933333333333334   12.020808269146736
9.933333333333334   12.575420415874639
9.933333333333334   11.665400504096292
9.933333333333334   12.494447342656272
9.933333333333334   12.497670934044544
9.933333333333334   11.65604404748408
9.933333333333334   12.769009185668175
9.933333333333334   11.676638515959509
9.933333333333334   12.4954194291456
9.933333333333334   12.50530124730426
9.933333333333334   11.66301229502463
9.933333333333334   11.794377427795682
9.933333333333334   12.58105814568443
9.933333333333334   12.33833907152491
9.933333333333334   12.509197011826982
9.933333333333334   12.484122817442309
9.933333333333334   11.662773516238872
9.933333333333334   12.496186788601426
9.933333333333334   12.515301583174647
9.933333333333334   11.675968443687417
9.933333333333334   12.746503093748998
9.933333333333334   12.028009481343501
9.933333333333334   12.576732215337174
9.933333333333334   11.66358538068094
9.933333333333334   12.506377502143096
9.933333333333334   12.485450829003788
9.933333333333334   11.673910678459878
9.933333333333334   12.481825214305644
9.933333333333334   12.501664221541006
9.933333333333334   11.682050057464519
9.933333333333334   12.496800818990069
9.933333333333334   12.50545512963644
9.933333333333334   10.999286187181225
9.933333333333334   12.584268231990764
9.933333333333334   12.57129250694263
9.933333333333334   12.502176378863597
9.933333333333334   12.514480380102741
9.933333333333334   11.658334105531438
9.933333333333334   12.505455004527748
9.933333333333334   12.482539922458054
9.933333333333334   11.67553774024217
9.933333333333334   12.507146333271152
9.933333333333334   12.023270819442887
9.933333333333334   12.58076647640457
9.933333333333334   11.654899414022383
9.933333333333334   12.500025625052254
9.933333333333334   12.507966448910942
9.933333333333334   11.66372857343858
9.933333333333334   12.761000357481663
9.933333333333334   12.499206550368076
9.933333333333334   11.66334646183005
9.933333333333334   12.492145938005569
9.933333333333334   12.50976099120852
9.933333333333334   11.013789283063401
9.933333333333334   12.561687345386455
9.933333333333334   13.12635122080333
9.933333333333334   11.6731930321593
9.933333333333334   12.497415034674177
9.933333333333334   11.667646282248167
9.933333333333334   12.504481606207793
9.933333333333334   12.49347553227294
9.933333333333334   11.672331949701762
9.933333333333334   12.749591745323125
9.933333333333334   12.024786798846728
9.933333333333334   12.563093228279996
9.933333333333334   11.662534630647219
9.933333333333334   12.518330466118604
9.933333333333334   12.500128001310488
9.933333333333334   11.668506673483947
9.933333333333334   12.500025625052254
9.933333333333334   12.49240162163812
9.933333333333334   11.673815010550102
9.933333333333334   12.498131529336108
9.933333333333334   12.500691163215022
9.933333333333334   11.005746288807225
9.933333333333334   12.577898462712952
9.933333333333334   13.368511076103085
9.933333333333334   11.664922760713702
9.933333333333334   12.503866695736901
9.933333333333334   11.663824076101502
9.933333333333334   12.497415034674177
9.933333333333334   12.507351320812523
9.933333333333334   11.6623436691147
9.933333333333334   12.497773271736909
9.933333333333334   12.020666198591728
9.933333333333334   12.585630466539245
9.933333333333334   11.664636086815092
9.933333333333334   12.497568598029922
9.933333333333334   12.501305636361032
9.933333333333334   12.500025625052254
9.933333333333334   11.663537572806964
9.933333333333334   12.761053639975634
9.933333333333334   11.662104917706483
9.933333333333334   12.506326325171896
9.933333333333334   12.48611494074118
9.933333333333334   11.018347954493398
9.933333333333334   12.575226142413365
9.933333333333334   13.117241198126871
9.933333333333334   11.66970183941822
9.933333333333334   12.495317005092282
9.933333333333334   12.502842271133513
9.933333333333334   11.668793537665232
9.933333333333334   12.499411152740986
9.933333333333334   12.502022702253619
9.933333333333334   11.651705061748064
9.933333333333334   12.273305421283498
9.933333333333334   12.57313754820729
9.933333333333334   12.498592158578933
9.933333333333334   11.669988762367476
9.933333333333334   12.495828642483524
9.933333333333334   12.505557594849662
9.933333333333334   11.665496034140011
9.933333333333334   12.499667258858281
9.933333333333334   11.6609113072819
9.933333333333334   12.494038094900224
9.933333333333334   12.512530799094032
9.933333333333334   11.007915364202333
9.933333333333334   13.36024873325297
9.933333333333334   12.350884910335802
9.933333333333334   11.901508299568373
9.933333333333334   12.505762530317122
9.933333333333334   12.495419429144714
9.933333333333334   11.667120634331884
9.933333333333334   12.490509710721827
9.933333333333334   12.507761566360966
9.933333333333334   11.67343223778888
9.933333333333334   12.019103875230508
9.933333333333334   12.578238767713568
9.933333333333334   12.500230379245677
9.933333333333334   11.66396739133323
9.933333333333334   12.503098267750175
9.933333333333334   12.497107919285602
9.933333333333334   11.667025077677529
9.933333333333334   12.740170820617777
9.933333333333334   12.508786797285113
9.933333333333334   11.67453273333206
9.933333333333334   12.49992325047182
9.933333333333334   11.796748182006437
9.933333333333334   12.575031756357214
9.933333333333334   12.34226854641795
9.933333333333334   12.502842271133513
9.933333333333334   11.66578263365832
9.933333333333334   12.501049713143596
9.933333333333334   11.640039262052387
9.933333333333334   12.528454375007888
9.933333333333334   12.502842271133513
9.933333333333334   11.66243914909967
9.933333333333334   12.025592307560446
9.933333333333334   12.81921635399788
9.933333333333334   12.493987018868207
9.933333333333334   11.668745687084717
9.933333333333334   12.5013568972778
9.933333333333334   12.501613083136606
9.933333333333334   11.654899297591347
9.933333333333334   12.511402141226519
9.933333333333334   12.505301372411653
9.933333333333334   11.664970579943917
9.933333333333334   12.499718381344925
9.933333333333334   11.795289152124576
9.933333333333334   12.571826498472532
9.933333333333334   12.350088336939919
9.933333333333334   12.498131529336108
9.933333333333334   11.908573985114634
9.933333333333334   12.486523544868506
9.933333333333334   11.676255558017413
9.933333333333334   12.504122859389863
9.933333333333334   12.496903267370563
9.933333333333334   11.671327611347703
9.933333333333334   12.016737642806842
9.933333333333334   12.57848166751552
9.933333333333334   12.50099857976639
9.933333333333334   11.664683787069167
9.933333333333334   12.503456955779802
9.933333333333334   12.485348693016004
9.933333333333334   12.512428094329346
9.933333333333334   11.669032563019147
9.933333333333334   12.752734977048027
9.933333333333334   11.669558383233499
9.933333333333334   12.495930950004851
9.933333333333334   11.799439211356928
9.933333333333334   12.574448990001864
9.933333333333334   12.343812924998748
9.933333333333334   12.498080294866654
9.933333333333334   11.657856940753721
9.933333333333334   12.512428094329346
9.933333333333334   11.670610282587079
9.933333333333334   12.497159145783064
9.933333333333334   12.502739725356435
9.933333333333334   11.655519327982299
9.933333333333334   12.268223567703476
9.933333333333334   12.576926535335947
9.933333333333334   12.49767093404632
9.933333333333334   12.492964087555071
9.933333333333334   11.666977358273146
9.933333333333334   12.508222780573552
9.933333333333334   12.5013568972778
9.933333333333334   11.66716847158212
9.933333333333334   12.501408158614955
9.933333333333334   11.663059865403447
9.933333333333334   12.502842271133513
9.933333333333334   11.795334675259738
9.933333333333334   12.575129007932818
9.933333333333334   12.56401447828174
9.933333333333334   12.512274165587868
9.933333333333334   11.673001721431127
9.933333333333334   12.496340321772278
9.933333333333334   12.501203365835899
9.933333333333334   11.668172094230298
9.933333333333334   12.495879858493813
9.933333333333334   12.505762530315344
9.933333333333334   11.218669733222685
9.933333333333334   12.579113583200913
9.933333333333334   12.484991167867047
9.933333333333334   12.510376481565233
9.933333333333334   11.670849382378172
9.933333333333334   12.497517368173906
9.933333333333334   12.756146482850411
9.933333333333334   11.668602254408597
9.933333333333334   12.495879858493813
9.933333333333334   12.506172546521647
9.933333333333334   11.662677914193267
9.933333333333334   11.799119778114077
9.933333333333334   12.563481150163298
9.933333333333334   12.351119222914805
9.933333333333334   12.505147618965998
9.933333333333334   11.667264030585383
9.933333333333334   12.500076750470315
9.933333333333334   12.502432473263205
9.933333333333334   11.660386266019186
9.933333333333334   12.761854103421896
9.933333333333334   12.497773271735133
9.933333333333334   11.221719431480029
9.933333333333334   12.562269047786579
9.933333333333334   12.513197669582075
9.933333333333334   12.501203240813155
9.933333333333334   11.664540570856031
9.933333333333334   12.498131529336108
9.933333333333334   12.504942703653105
9.933333333333334   11.664588270328922
9.933333333333334   12.504942703653105
9.933333333333334   12.496238007547595
9.933333333333334   11.667264030585383
9.933333333333334   12.019766573440796
9.933333333333334   12.579551155261257
9.933333333333334   12.34713723211904
9.933333333333334   12.498438570068396
9.933333333333334   12.504122859389863
9.933333333333334   11.661770705471739
9.933333333333334   12.498285110298704
9.933333333333334   11.672666884353047
9.933333333333334   12.497261350146502
9.933333333333334   12.504584055469945
9.933333333333334   11.214341150665117
9.933333333333334   12.58344127094674
9.933333333333334   12.49321980467921
9.933333333333334   12.503303247684952
9.933333333333334   11.907329392286025
9.933333333333334   12.495828642483524
9.933333333333334   12.502381203523655
9.933333333333334   11.666881687295966
9.933333333333334   12.499104064220083
9.933333333333334   12.503815539311498
9.933333333333334   11.654041028238527
9.933333333333334   11.807245526607941
9.933333333333334   12.576829374585126
9.933333333333334   12.342736526814694
9.933333333333334   12.502995842834183
9.933333333333334   12.496647399436032
9.933333333333334   11.668267669672858
9.933333333333334   12.502688578152918
9.933333333333334   11.901110449772082
9.933333333333334   12.469381433889485
9.933333333333334   12.519562943860345
9.933333333333334   11.233801880766046
9.933333333333334   13.360506780808377
9.933333333333334   11.666260447478924
9.933333333333334   12.503251970805234
9.933333333333334   12.494856617221606
9.933333333333334   11.649227191099433
9.933333333333334   12.52151484244874
9.933333333333334   12.500025625052254
9.933333333333334   11.650037054273545
9.933333333333334   12.512120365878385
9.933333333333334   11.912757553137643
9.933333333333334   11.79556274143311
9.933333333333334   12.57318615915979
9.933333333333334   12.34966658246623
9.933333333333334   12.49700559249112
9.933333333333334   12.503559388250865
9.933333333333334   11.664301729490354
9.933333333333334   12.501203240813155
9.933333333333334   12.488669779228028
9.933333333333334   11.675489717492338
9.933333333333334   12.504737795055785
9.933333333333334   12.020476737876958
9.933333333333334   12.820377466912541
9.933333333333334   11.664875058506803
9.933333333333334   12.49506120210884
9.933333333333334   12.5066850733047
9.933333333333334   11.649798806476166
9.933333333333334   12.505608890644053
9.933333333333334   12.483254712463395
9.933333333333334   11.682481241523433
9.933333333333334   12.505506299479636
9.933333333333334   11.671662488360505
9.933333333333334   11.79848118623743
9.933333333333334   12.575274650913732
9.933333333333334   12.341192417550982
9.933333333333334   12.505147618965998
9.933333333333334   12.75140283283133
9.933333333333334   11.670897250210405
9.933333333333334   12.486830140250754
9.933333333333334   12.5083766096485
9.933333333333334   11.671136361758514
9.933333333333334   12.488312063857613
9.933333333333334   12.031044213499344
9.933333333333334   12.578676160246934
9.933333333333334   11.663585264075468
9.933333333333334   12.503559388250865
9.933333333333334   12.497210247757597
9.933333333333334   11.668411094125146
9.933333333333334   12.487698742598049
9.933333333333334   12.76708616588194
9.933333333333334   11.670897250212064
9.933333333333334   12.497107919283827
9.933333333333334   12.500844932109855
9.933333333333334   11.009532238601329
9.933333333333334   12.573623200361332
9.933333333333334   12.349010729703254
9.933333333333334   12.498080419828717
9.933333333333334   12.503917977659718
9.933333333333334   11.65427933316352
9.933333333333334   12.504686506409067
9.933333333333334   12.508838119572543
9.933333333333334   11.664062897905435
9.933333333333334   12.502995842834183
9.933333333333334   12.253445963087799
9.933333333333334   12.581544528650454
9.933333333333334   11.66315547371109
9.933333333333334   12.5013568972778
9.933333333333334   12.50202270225184
9.933333333333334   11.653468880090601
9.933333333333334   12.51268460889566
9.933333333333334   12.501049588123925
9.933333333333334   11.666977358273146
9.933333333333334   12.501971435876545
9.933333333333334   12.49327099930627
9.933333333333334   11.012639549375898
9.933333333333334   13.362313392856748
9.933333333333334   12.577266787745355
9.933333333333334   11.654947034674601
9.933333333333334   12.506838739424078
9.933333333333334   12.506531285831995
9.933333333333334   11.666690583383762
9.933333333333334   12.500691288226635
9.933333333333334   11.667598557764558
9.933333333333334   12.49659617713205
9.933333333333334   12.02364980737161
9.933333333333334   12.577752640301036
9.933333333333334   12.497619703351313
9.933333333333334   11.657904585579804
9.933333333333334   12.508274098232869
9.933333333333334   12.504686506409067
9.933333333333334   11.904840986920947
9.933333333333334   12.500793675389769
9.933333333333334   12.5034568307102
9.933333333333334   11.660672731061666
9.933333333333334   12.504225302773646
9.933333333333334   11.008979030240948
9.933333333333334   13.360816501440128
9.933333333333334   12.33600119096592
9.933333333333334   11.676542803335337
9.933333333333334   12.502432348214098
9.933333333333334   12.498643397245138
9.933333333333334   11.669319336337795
9.933333333333334   12.500742419091788
9.933333333333334   12.751456165289971
9.933333333333334   11.670992870302541
9.933333333333334   12.017920700318815
9.933333333333334   12.582176633388578
9.933333333333334   12.482029497313137
9.933333333333334   11.67601623666714
9.933333333333334   12.505455004528638
9.933333333333334   12.497926843894813
9.933333333333334   11.666356108266072
9.933333333333334   12.505198786292674
9.933333333333334   12.492503873050588
9.933333333333334   11.672045028294322
9.933333333333334   12.497875611105279
9.933333333333334   12.023744529171982
9.933333333333334   12.564887434628886
9.933333333333334   12.354634864279495
9.933333333333334   11.670275699426227
9.933333333333334   12.49782437873223
9.933333333333334   12.500742419091788
9.933333333333334   11.666929522590085
9.933333333333334   12.495982166853793
9.933333333333334   12.505250079139994
9.933333333333334   11.66243914909967
9.933333333333334   12.02772511879301
9.933333333333334   12.56202665537665
9.933333333333334   12.510889227767246
9.933333333333334   11.908325045733742
9.933333333333334   12.49408929623566
9.933333333333334   12.498029185778295
9.933333333333334   11.67400634793685
9.933333333333334   12.49628922691541
9.933333333333334   12.50581370267422
9.933333333333334   11.662248190694758
9.933333333333334   12.485808380477025
9.933333333333334   11.810672686972765
9.933333333333334   12.574643120861404
9.933333333333334   12.348870280583236
9.933333333333334   12.501254500888413
9.933333333333334   11.666260447477267
9.933333333333334   12.494703245401238
9.933333333333334   12.75881290249101
9.933333333333334   11.66821994010494
9.933333333333334   12.495930950004851
9.933333333333334   11.672810416973594
9.933333333333334   12.016027920097079
9.933333333333334   12.582954860069927
9.933333333333334   12.497977952147922
9.933333333333334   12.49715902083942
9.933333333333334   11.669415047299482
9.933333333333334   12.48851643448259
9.933333333333334   12.510273812163293
9.933333333333334   11.668650103811094
9.933333333333334   12.497722040202891
9.933333333333334   12.503559388250865
9.933333333333334   11.889883050702737
9.933333333333334   11.808296221747554
9.933333333333334   12.57687801409064
9.933333333333334   12.342783372509386
9.933333333333334   12.502995842834183
9.933333333333334   11.663537572806964
9.933333333333334   12.5031495433692
9.933333333333334   12.497977952147922
9.933333333333334   11.667646282247338
9.933333333333334   12.489487473499707
9.933333333333334   12.508684279147857
9.933333333333334   11.224195846337002
9.933333333333334   12.579696900693875
9.933333333333334   12.494958908828673
9.933333333333334   12.75742623559106
9.933333333333334   11.66263023034459
9.933333333333334   12.503712977568767
9.933333333333334   12.499411277727889
9.933333333333334   11.664301729492012
9.933333333333334   12.492094752597687
9.933333333333334   12.507607627264163
9.933333333333334   11.670466920809664
9.933333333333334   11.796201017419088
9.933333333333334   12.57512888933367
9.933333333333334   12.347980310009225
9.933333333333334   12.493373140086753
9.933333333333334   11.67352801622855
9.933333333333334   12.750497159734495
9.933333333333334   12.500588777732005
9.933333333333334   11.656521063861671
9.933333333333334   12.512992490362494
9.933333333333334   12.499820752571386
9.933333333333334   11.222426897912303
9.933333333333334   12.575420415874639
9.933333333333334   12.5013568972778
9.933333333333334   12.494498547345128
9.933333333333334   11.672762533444857
9.933333333333334   12.497415034674177
9.933333333333334   12.500793550375217
9.933333333333334   11.657284417875445
9.933333333333334   12.50894051505395
9.933333333333334   12.760253407199796
9.933333333333334   11.66649936906497
9.933333333333334   11.794104004749007
9.933333333333334   12.57512888933367
9.933333333333334   12.343391827556616
9.933333333333334   12.504891413325497
9.933333333333334   11.661340932262894
9.933333333333334   12.500640032770052
9.933333333333334   12.490152014742158
9.933333333333334   11.677978891259713
9.933333333333334   12.506326325171896
9.933333333333334   12.482948417290268
9.933333333333334   11.23331448800413
9.933333333333334   13.359474776367128
9.933333333333334   11.905885917583328
9.933333333333334   12.501152106178209
9.933333333333334   11.664254032362566
9.933333333333334   12.505506299479636
9.933333333333334   12.483407928019364
9.933333333333334   11.680325522529472
9.933333333333334   12.502790872978428
9.933333333333334   12.496647399436032
9.933333333333334   11.66802879234767
9.933333333333334   11.791552000113455
9.933333333333334   12.576975175591297
9.933333333333334   12.350135238457545
9.933333333333334   12.498182639261515
9.933333333333334   12.493526728996752
9.933333333333334   11.902154725624777
9.933333333333334   12.50914568659453
9.933333333333334   12.50253488894731
9.933333333333334   11.66463608681675
9.933333333333334   12.504122859389863
9.933333333333334   11.21147204459251
9.933333333333334   13.373421627872885
9.933333333333334   11.664922760713702
9.933333333333334   12.498233874571849
9.933333333333334   12.489538637542633
9.933333333333334   11.672762533443196
9.933333333333334   12.504532768084353
9.933333333333334   12.50263730631289
9.933333333333334   11.665209332063837
9.933333333333334   12.758652982246982
9.933333333333334   12.493322069487744
9.933333333333334   11.013704128625854
9.933333333333334   12.574886119002473
9.933333333333334   12.344608803342691
9.933333333333334   12.489129586498994
9.933333333333334   12.509812321491207
9.933333333333334   11.668841388636535
9.933333333333334   12.499923125472902
9.933333333333334   12.501357022303619
9.933333333333334   11.6703233290755
9.933333333333334   12.495419429146489
9.933333333333334   12.023886672502266
9.933333333333334   12.57590624440497
9.933333333333334   11.904094668108446
9.933333333333334   12.486370377550427
9.933333333333334   12.510889227767246
9.933333333333334   11.67271476709539
9.933333333333334   12.497261475093966
9.933333333333334   12.500691163214134
9.933333333333334   11.670179974347832
9.933333333333334   12.494856617221606
9.933333333333334   12.504430319662585
9.933333333333334   11.00851105418565
9.933333333333334   12.573234651923075
9.933333333333334   12.334505435130978
9.933333333333334   12.511915096745495
9.933333333333334   12.759559814378479
9.933333333333334   11.664922760713702
9.933333333333334   12.502790998034708
9.933333333333334   12.499308788223482
9.933333333333334   11.66477942200307
9.933333333333334   12.504532768084353
9.933333333333334   12.018393988548736
9.933333333333334   12.579891312317404
9.933333333333334   12.482999527773497
9.933333333333334   11.676159851672104
9.933333333333334   12.50622372223608
9.933333333333334   11.664922760713702
9.933333333333334   12.499564890145965
9.933333333333334   12.5038154142365
9.933333333333334   11.898972690292885
9.933333333333334   12.505865000567889
9.933333333333334   12.496749720366504
9.933333333333334   11.01046850808006
9.933333333333334   12.562608389204073
9.933333333333334   13.130238024614789
9.933333333333334   11.67008436757524
9.933333333333334   12.496903267370563
9.933333333333334   12.499872001309708
9.933333333333334   11.66449275515295
9.933333333333334   12.50361066765211
9.933333333333334   12.497210247755822
9.933333333333334   11.668554522103378
9.933333333333334   12.024455163759315
9.933333333333334   12.806960962369203
9.933333333333334   12.509607128082303
9.933333333333334   11.668315516332985
9.933333333333334   12.498745750864297
9.933333333333334   12.504276587635346
9.933333333333334   11.66243914909967
9.933333333333334   12.502432473261429
9.933333333333334   12.500025625052254
9.933333333333334   11.665209332065494
9.933333333333334   12.497056693206323
9.933333333333334   11.797386697639
9.933333333333334   12.574837494904203
9.933333333333334   12.349900848820502
9.933333333333334   11.90379623965928
9.933333333333334   12.502739725356435
9.933333333333334   12.496238007547595
9.933333333333334   11.67080163168508
9.933333333333334   12.498950463128297
9.933333333333334   12.498541045304112
9.933333333333334   11.645845409034706
9.933333333333334   12.040585094221122
9.933333333333334   12.580523488351906
9.933333333333334   12.499308788223482
9.933333333333334   11.66630827767557
9.933333333333334   12.502790998034708
9.933333333333334   12.49593107492394
9.933333333333334   11.908374759847524
9.933333333333334   12.499411277727889
9.933333333333334   12.498182639263291
9.933333333333334   11.657475213759348
9.933333333333334   12.506479982473893
9.933333333333334   11.80026037227188
9.933333333333334   12.577947110487997
9.933333333333334   12.343672594082411
9.933333333333334   11.669988762367476
9.933333333333334   12.486830140250754
9.933333333333334   12.482335747390364
9.933333333333334   11.68823391276483
9.933333333333334   12.499872001311484
9.933333333333334   12.494345059425893
9.933333333333334   11.91435210718322
9.933333333333334   12.023034094218522
9.933333333333334   12.580815146365
9.933333333333334   12.495265793695735
9.933333333333334   12.503200819410571
9.933333333333334   11.65952707185845
9.933333333333334   12.50714633327293
9.933333333333334   11.660147594747306
9.933333333333334   12.507300135870272
9.933333333333334   12.486881157787614
9.933333333333334   11.665830459938745
9.933333333333334   12.516225534133758
9.933333333333334   11.790914227116842
9.933333333333334   12.819822152593794
9.933333333333334   12.348261285319841
9.933333333333334   12.497312577903596
9.933333333333334   11.671136361758514
9.933333333333334   12.496749720364727
9.933333333333334   12.500896064230123
9.933333333333334   11.65408875829294
9.933333333333334   12.513043721905397
9.933333333333334   12.503559263180993
9.933333333333334   11.21690263392302
9.933333333333334   12.581982151123754
9.933333333333334   12.49992325047182
9.933333333333334   12.49168565894248
9.933333333333334   11.671518983968992
9.933333333333334   12.75289487908131
9.933333333333334   11.667168354904993
9.933333333333334   12.490049801825933
9.933333333333334   12.510530238407364
9.933333333333334   11.670514668762214
9.933333333333334   12.496033384124354
9.933333333333334   11.797204098491676
9.933333333333334   12.570855627746413
9.933333333333334   12.348870166210249
9.933333333333334   12.502432473261429
9.933333333333334   11.666260564137893
9.933333333333334   12.493424335968722
9.933333333333334   12.498029185776518
9.933333333333334   11.913554715977492
9.933333333333334   12.50417414341302
9.933333333333334   12.497312702848534
9.933333333333334   11.223001658619602
9.933333333333334   12.57376892703762
9.933333333333334   12.500742419093564
9.933333333333334   12.501152106178209
9.933333333333334   11.664254032362566
9.933333333333334   12.503303122618426
9.933333333333334   12.48422505805879
9.933333333333334   11.679223934656575
9.933333333333334   12.489027515097156
9.933333333333334   12.506890045725573
9.933333333333334   11.909320744133272
9.933333333333334   11.793967242339923
9.933333333333334   12.577947110487997
9.933333333333334   12.34648153364469
9.933333333333334   12.498592283551233
9.933333333333334   11.657475097277672
9.933333333333334   12.508991963783126
9.933333333333334   12.502893419594523
9.933333333333334   11.664158406043358
9.933333333333334   12.502534888949086
9.933333333333334   12.489436309874197
9.933333333333334   11.226274943828164
9.933333333333334   12.58426823199161
9.933333333333334   12.7469290480954
9.933333333333334   12.503354399917702
9.933333333333334   12.488874161564803
9.933333333333334   11.675202640821562
9.933333333333334   12.505608765531397
9.933333333333334   11.66683396906454
9.933333333333334   12.497875611103504
9.933333333333334   12.503764258231596
9.933333333333334   11.645559672038884
9.933333333333334   11.806377672986397
9.933333333333334   12.57833595024188
9.933333333333334   12.35018202593574
9.933333333333334   12.479324255572934
9.933333333333334   12.774995837906577
9.933333333333334   11.668554522103378
9.933333333333334   12.503661697328342
9.933333333333334   12.496442762601708
9.933333333333334   11.670275582688603
9.933333333333334   12.486523669599578
9.933333333333334   12.033843210478494
9.933333333333334   12.558828022979224
9.933333333333334   11.678457704704053
9.933333333333334   12.49316873533558
9.933333333333334   12.51083788864578
9.933333333333334   11.66635610826773
9.933333333333334   12.501971435874768
9.933333333333334   12.754760395449587
9.933333333333334   11.671136361758514
9.933333333333334   12.48657468463039
9.933333333333334   12.507248826202371
9.933333333333334   11.012128645221717
9.933333333333334   12.564256947409447
9.933333333333334   12.336655662555323
9.933333333333334   12.517046966263075
9.933333333333334   12.507710127754152
9.933333333333334   11.664206219006969
9.933333333333334   12.500486393925241
9.933333333333334   12.502637306314666
9.933333333333334   11.662104917706483
9.933333333333334   12.762281084382469
9.933333333333334   12.020050675379492
9.933333333333334   12.578773349532504
9.933333333333334   11.654994772152214
9.933333333333334   12.507402631320486
9.933333333333334   12.50417414341302
9.933333333333334   11.665113806714883
9.933333333333334   12.500281631348294
9.933333333333334   12.498285110298704
9.933333333333334   11.665065986312035
9.933333333333334   12.506890045725573
9.933333333333334   12.499052946760061
9.933333333333334   11.22043749729417
9.933333333333334   12.562220521213606
9.933333333333334   13.128992094012162
9.933333333333334   11.668841271925945
9.933333333333334   12.498796990791607
9.933333333333334   11.666786134557286
9.933333333333334   12.497619703351313
9.933333333333334   12.504686381313087
9.933333333333334   11.667502993281449
9.933333333333334   12.497619703351313
9.933333333333334   12.024218276231952
9.933333333333334   12.571341103627667
9.933333333333334   11.669223743664348
9.933333333333334   12.75705295870109
9.933333333333334   12.498233874571849
9.933333333333334   11.66611719254603
9.933333333333334   12.498745750864297
9.933333333333334   12.502227521880037
9.933333333333334   11.670849382376513
9.933333333333334   12.496903267368788
9.933333333333334   12.496135695000076
9.933333333333334   11.008979030240948
9.933333333333334   12.580669256312863
9.933333333333334   13.120575149706205
9.933333333333334   11.663346461827565
9.933333333333334   12.503149543370979
9.933333333333334   11.901806613311429
9.933333333333334   12.503508109272008
9.933333333333334   12.500896064230123
9.933333333333334   12.498131529336108
9.933333333333334   11.662773399647975
9.933333333333334   12.025544989764947
9.933333333333334   12.579794105753674
9.933333333333334   12.49910418920262
9.933333333333334   11.664301729492012
9.933333333333334   12.50232993420637
9.933333333333334   12.496647399434256
9.933333333333334   11.671423238493587
9.933333333333334   12.499718506339748
9.933333333333334   11.90275155431692
9.933333333333334   12.479120185685442
9.933333333333334   12.519100767615921
9.933333333333334   11.012000900605837
9.933333333333334   13.36427530977932
9.933333333333334   12.341519920133896
9.933333333333334   11.669988762367476
9.933333333333334   12.497005592489346
9.933333333333334   12.501664096509042
9.933333333333334   11.662869003262344
9.933333333333334   12.504532768080798
9.933333333333334   12.495163497067471
9.933333333333334   11.909022053597296
9.933333333333334   12.023934092913777
9.933333333333334   12.57775264029935
9.933333333333334   12.497159145784838
9.933333333333334   11.668745687084717
9.933333333333334   12.497056818149696
9.933333333333334   12.502637306311113
9.933333333333334   11.667311752336508
9.933333333333334   12.499564890144189
9.933333333333334   12.491890140000717
9.933333333333334   11.672523355262303
9.933333333333334   12.501459420370727
9.933333333333334   11.796702536634601
9.933333333333334   12.815734030458467
9.933333333333334   12.331842000516573
9.933333333333334   12.510889227767246
9.933333333333334   11.664827240058084
9.933333333333334   12.49802918578007
9.933333333333334   11.674580514558128
9.933333333333334   12.49669862215815
9.933333333333334   12.503200694346093
9.933333333333334   11.672379829697912
9.933333333333334   12.020808269147558
9.933333333333334   12.577655466787684
9.933333333333334   12.495624032462947
9.933333333333334   11.667025077677529
9.933333333333334   12.751669239409388
9.933333333333334   12.502176378863597
9.933333333333334   11.668315516332985
9.933333333333334   12.489436309874197
9.933333333333334   12.510017396430856
9.933333333333334   11.669510643105575
9.933333333333334   12.499104064218306
9.933333333333334   11.797432236964726
9.933333333333334   12.573089056193025
9.933333333333334   12.346153767686397
9.933333333333334   12.502176378863597
9.933333333333334   11.664779422001413
9.933333333333334   12.758546197343101
9.933333333333334   11.656998119289852
9.933333333333334   12.507863944216274
9.933333333333334   12.50412285939164
9.933333333333334   11.66344207483405
9.933333333333334   12.022986680908913
9.933333333333334   12.576537782715587
9.933333333333334   12.500588902740684
9.933333333333334   12.500640032770052
9.933333333333334   11.665830459940402
9.933333333333334   12.484276054308847
9.933333333333334   12.50863308329419
9.933333333333334   11.673623562630695
9.933333333333334   12.758599589568828
9.933333333333334   11.66358538068094
9.933333333333334   12.502022577214484
9.933333333333334   11.79360259518139
9.933333333333334   12.576975294225273
9.933333333333334   12.348073852669264
9.933333333333334   12.4963915419806
9.933333333333334   11.65819081219774
9.933333333333334   12.510120061624114
9.933333333333334   12.501100846942663
9.933333333333334   11.66946278664358
9.933333333333334   12.497875611103504
9.933333333333334   12.498541045305888
9.933333333333334   11.440178362708025
9.933333333333334   12.581349947205938
9.933333333333334   12.496238007551145
9.933333333333334   12.501664221541006
9.933333333333334   11.665543741425877
9.933333333333334   12.497312702846758
9.933333333333334   12.502534763899707
9.933333333333334   11.670227836690733
9.933333333333334   12.500332758856974
9.933333333333334   11.668793537665232
9.933333333333334   12.493782469154938
9.933333333333334   11.797158560925624
9.933333333333334   12.817348784019819
9.933333333333334   12.346200639322737
9.933333333333334   12.49587973357575
9.933333333333334   11.669893158729474
9.933333333333334   12.500998454744188
9.933333333333334   12.503251970807012
9.933333333333334   11.664301729488697
9.933333333333334   12.503149543370979
9.933333333333334   12.495828642483524
9.933333333333334   11.222515310501192
9.933333333333334   12.578481786179605
9.933333333333334   12.498285110298704
9.933333333333334   12.499257544103328
9.933333333333334   11.903746563766138
9.933333333333334   12.502278790355604
9.933333333333334   12.501254500886636
9.933333333333334   11.662916689063541
9.933333333333334   12.506121246104906
9.933333333333334   12.495828642483524
9.933333333333334   11.669606240479581
9.933333333333334   11.793876106254347
9.933333333333334   12.575226023814071
9.933333333333334   12.341941004102292
9.933333333333334   12.496903267368788
9.933333333333334   12.507505128452362
9.933333333333334   11.668028792349329
9.933333333333334   12.75454708787002
9.933333333333334   11.668076520350136
9.933333333333334   12.49997437505423
9.933333333333334   12.503917977659718
9.933333333333334   11.217786060049738
9.933333333333334   12.579842768193481
9.933333333333334   12.49168578377493
9.933333333333334   12.501869029421576
9.933333333333334   11.668506673483117
9.933333333333334   12.501869029421576
9.933333333333334   12.499360032763818
9.933333333333334   11.664827240061399
9.933333333333334   12.502586034895154
9.933333333333334   12.753800892842422
9.933333333333334   11.6659261136777
9.933333333333334   11.787817215464885
9.933333333333334   12.578578972463207
9.933333333333334   12.352665931825312
9.933333333333334   12.503969134922443
9.933333333333334   12.495982166853793
9.933333333333334   11.668889123287085
9.933333333333334   12.498285110302257
9.933333333333334   11.668219823405124
9.933333333333334   12.503354524987031
9.933333333333334   12.49644263767594
9.933333333333334   11.21120733273788
9.933333333333334   13.627769469381505
9.933333333333334   11.669223743664348
9.933333333333334   12.503764258231596
9.933333333333334   11.661245586817822
9.933333333333334   12.503866695736011
9.933333333333334   12.498745750864297
9.933333333333334   12.501612958105666
9.933333333333334   11.668458941959873
9.933333333333334   12.496596177133824
9.933333333333334   11.660768067137631
9.933333333333334   11.802040206416345
9.933333333333334   12.576149172750608
9.933333333333334   12.34882338866959
9.933333333333334   12.753427828073042
9.933333333333334   12.501305636361032
9.933333333333334   11.662821201259236
9.933333333333334   12.501766624642483
9.933333333333334   12.500435140147083
9.933333333333334   11.66597382448135
9.933333333333334   12.500691288226635
9.933333333333334   12.02445516376096
9.933333333333334   12.578773349532504
9.933333333333334   11.66497057994226
9.933333333333334   12.499411152740986
9.933333333333334   12.502125111227949
9.933333333333334   11.659574846862247
9.933333333333334   12.761267165244234
9.933333333333334   12.500947196768683
9.933333333333334   11.664874941873887
9.933333333333334   12.49593107492394
9.933333333333334   11.669367191623214
9.933333333333334   11.79930232518671
9.933333333333334   12.576197688372366
9.933333333333334   12.343859893141497
9.933333333333334   12.502381203521876
9.933333333333334   12.488976355241814
9.933333333333334   11.677548039481541
9.933333333333334   12.49976962924559
9.933333333333334   12.754173979442008
9.933333333333334   11.663059865403447
9.933333333333334   12.502944693533381
9.933333333333334   12.024739487385038
9.933333333333334   12.578190117685786
9.933333333333334   11.663394151533206
9.933333333333334   12.504430319662585
9.933333333333334   12.49383354351632
9.933333333333334   11.672427710088531
9.933333333333334   12.494907825265987
9.933333333333334   12.502176253817836
9.933333333333334   11.66205723854317
9.933333333333334   12.503251970807012
9.933333333333334   12.757266219905572
9.933333333333334   11.010553716406445
9.933333333333334   12.574643120859719
9.933333333333334   13.116146853555062
9.933333333333334   11.668602371112746
9.933333333333334   12.501049588123925
9.933333333333334   12.496954367248945
9.933333333333334   11.66865022051786
9.933333333333334   12.497824378734006
9.933333333333334   11.666929522588426
9.933333333333334   12.50622372223608
9.933333333333334   12.021897318532753
9.933333333333334   12.57624632298867
9.933333333333334   11.90165751527773
9.933333333333334   12.500793550375217
9.933333333333334   12.501869154454084
9.933333333333334   11.664588270328922
9.933333333333334   12.483714370418243
9.933333333333334   12.512376867827376
9.933333333333334   12.503098267750175
9.933333333333334   11.672475474087008
9.933333333333334   12.49582876739879
9.933333333333334   11.011277208991752
9.933333333333334   13.359732668039527
9.933333333333334   12.347605581804793
9.933333333333334   11.900812049530375
9.933333333333334   12.501715485400318
9.933333333333334   12.489436309874197
9.933333333333334   11.671566740530663
9.933333333333334   12.506685073306478
9.933333333333334   12.5034568307102
9.933333333333334   11.664301729492012
9.933333333333334   12.02256044046261
9.933333333333334   12.575906244408342
9.933333333333334   12.500281631344741
9.933333333333334   11.667311752333191
9.933333333333334   12.49889934692285
9.933333333333334   12.485808380477025
9.933333333333334   11.673815010552593
9.933333333333334   12.76036009041954
9.933333333333334   12.505045160470972
9.933333333333334   11.665448210599969
9.933333333333334   12.49321980467921
9.933333333333334   11.013022836573027
9.933333333333334   13.362829657471886
9.933333333333334   12.34826128531659
9.933333333333334   11.665113806718198
9.933333333333334   12.499104064221859
9.933333333333334   12.499974375050677
9.933333333333334   11.667837534164178
9.933333333333334   12.505301372411653
9.933333333333334   12.495726336632092
9.933333333333334   11.907279565374536
9.933333333333334   12.018630646644025
9.933333333333334   12.581690320275367
9.933333333333334   12.496647399437807
9.933333333333334   11.667885260603631
9.933333333333334   12.486676965409085
9.933333333333334   12.512069016652358
9.933333333333334   11.666881687297625
9.933333333333334   12.502586034895154
9.933333333333334   12.499052946760061
9.933333333333334   11.669701839416561
9.933333333333334   12.495368216908606
9.933333333333334   12.026113637845876
9.933333333333334   12.57323465192476
9.933333333333334   12.346247511318222
9.933333333333334   11.664827123426123
9.933333333333334   12.500230504250741
9.933333333333334   12.502432348214098
9.933333333333334   11.669032563019147
9.933333333333334   12.497568473079868
9.933333333333334   12.502842271131735
9.933333333333334   11.66315547371109
9.933333333333334   12.024407739239333
9.933333333333334   12.57624632298867
9.933333333333334   12.499206550368964
9.933333333333334   11.899668482374318
9.933333333333334   12.50402041768642
9.933333333333334   12.500281631344741
9.933333333333334   11.667789808115165
9.933333333333334   12.500332758856974
9.933333333333334   12.49982075256961
9.933333333333334   11.667359591153994
9.933333333333334   12.500537648123698
9.933333333333334   11.794377427796473
9.933333333333334   12.577655585434494
9.933333333333334   12.344187423030812
9.933333333333334   12.499462398124225
9.933333333333334   11.671088608717074
9.933333333333334   12.75150936811162
9.933333333333334   12.501971435874768
9.933333333333334   11.665830459940402
9.933333333333334   12.499820877564705
9.933333333333334   11.671279739985186
9.933333333333334   12.018725289380765
9.933333333333334   12.565954493393543
9.933333333333334   12.505813702675999
9.933333333333334   11.668697953606026
9.933333333333334   12.505352540994787
9.933333333333334   12.497875611103504
9.933333333333334   11.667885377293437
9.933333333333334   12.500793675389769
9.933333333333334   12.754813625847305
9.933333333333334   12.502637306314666
9.933333333333334   11.662677914193267
9.933333333333334   11.786997785373211
9.933333333333334   12.5869931148663
9.933333333333334   12.34343856395494
9.933333333333334   12.505557594847884
9.933333333333334   11.66396739133323
9.933333333333334   12.501100846942663
9.933333333333334   12.499872001311484
9.933333333333334   11.667407430363784
9.933333333333334   12.49112318330869
9.933333333333334   12.507146333271152
9.933333333333334   11.431913690855094
9.933333333333334   12.5869931148663
9.933333333333334   12.49982075256961
9.933333333333334   12.503098392810827
9.933333333333334   11.663250966989116
9.933333333333334   12.502790998034708
9.933333333333334   12.498489807477092
9.933333333333334   11.668650103809435
9.933333333333334   12.501305636361032
9.933333333333334   12.495675246797774
9.933333333333334   11.655137754054858
9.933333333333334   11.809804217917407
9.933333333333334   12.57231216789426
9.933333333333334   12.346060139795823
9.933333333333334   12.757479488244101
9.933333333333334   11.665066102945458
9.933333333333334   12.500691288230188
9.933333333333334   12.503251970803458
9.933333333333334   11.667168354906652
9.933333333333334   12.497107919285602
9.933333333333334   12.492503873048813
9.933333333333334   11.229373093425814
9.933333333333334   12.580328938489602
9.933333333333334   12.495828642483524
9.933333333333334   12.499667258856505
9.933333333333334   11.670036506407472
9.933333333333334   12.495470516892503
9.933333333333334   12.76036009041954
9.933333333333334   11.666069363916213
9.933333333333334   12.497363806078894
9.933333333333334   12.500230379247453
9.933333333333334   11.664301729488697
9.933333333333334   11.80089926817584
9.933333333333334   12.574934624879614
9.933333333333334   12.344796016520284
9.933333333333334   12.499718506339748
9.933333333333334   11.667455153284678
9.933333333333334   12.500486393927018
9.933333333333334   12.50099845474774
9.933333333333334   12.499308913208338
9.933333333333334   11.899221117443231
9.933333333333334   12.503098267750175
9.933333333333334   11.2243285615481
9.933333333333334   13.36344907639813
9.933333333333334   11.662821201259236
9.933333333333334   12.500230379247453
9.933333333333334   11.666260564134577
9.933333333333334   12.503508109272008
9.933333333333334   12.502227521876483
9.933333333333334   11.664588386952792
9.933333333333334   12.498336221483783
9.933333333333334   12.498387458049772
9.933333333333334   11.669558383233499
9.933333333333334   11.796611358271145
9.933333333333334   12.815986312732006
9.933333333333334   12.34643477420016
9.933333333333334   12.499462398120672
9.933333333333334   12.502534888949086
9.933333333333334   11.664683903696604
9.933333333333334   12.491378949904938
9.933333333333334   12.505250079139994
9.933333333333334   11.669319336337795
9.933333333333334   12.500640032770052
9.933333333333334   11.223090188226037
9.933333333333334   13.363087804738598
9.933333333333334   11.6647316043401
9.933333333333334   12.50094732178986
9.933333333333334   12.758119466255954
9.933333333333334   11.663346578426605
9.933333333333334   12.492196998988467
9.933333333333334   12.504583930377793
9.933333333333334   11.671710246099861
9.933333333333334   12.502432473261429
9.933333333333334   12.497261475092191
9.933333333333334   11.009532238602805
9.933333333333334   12.563820557067588
9.933333333333334   12.352290919180664
9.933333333333334   12.506172421397713
9.933333333333334   12.500281631344741
9.933333333333334   11.640990715494947
9.933333333333334   12.52608896231036
9.933333333333334   12.75715958841021
9.933333333333334   11.669701956146023
9.933333333333334   12.497568473079868
9.933333333333334   12.021565842803628
9.933333333333334   12.576586419962354
9.933333333333334   11.664875058506803
9.933333333333334   12.503098267750175
9.933333333333334   12.498541045305888
9.933333333333334   11.660768067140943
9.933333333333334   12.506787558674429
9.933333333333334   12.500179127566886
9.933333333333334   11.670275699427886
9.933333333333334   12.498387458049772
9.933333333333334   12.498131404371247
9.933333333333334   11.21844890975298
9.933333333333334   12.573428982426508
9.933333333333334   12.35196284470345
9.933333333333334   12.500332758856974
9.933333333333334   12.496135694996525
9.933333333333334   11.667980831348908
9.933333333333334   12.502483743421475
9.933333333333334   12.503610542579432
9.933333333333334   11.665161627513122
9.933333333333334   12.501152106178209
9.933333333333334   12.018157224225641
9.933333333333334   12.581593085907388
9.933333333333334   12.497466263689446
9.933333333333334   11.667024961004929
9.933333333333334   12.753001439292778
9.933333333333334   11.6674552699692
9.933333333333334   12.49833622148023
9.933333333333334   12.505250079139994
9.933333333333334   11.66396739133323
9.933333333333334   12.50345695578158
9.933333333333334   12.495214707623727
9.933333333333334   11.012809930596847
9.933333333333334   12.57100117175815
9.933333333333334   13.120873724474487
9.933333333333334   11.66277339965129
9.933333333333334   12.502790998034708
9.933333333333334   12.50110084693911
9.933333333333334   11.908125828799225
9.933333333333334   12.496647399434256
9.933333333333334   12.499820877568258
9.933333333333334   11.668076520353454
9.933333333333334   12.022844558851718
9.933333333333334   12.577315311990468
9.933333333333334   12.492248185235137
9.933333333333334   11.668602254408597
9.933333333333334   12.50268857815114
9.933333333333334   12.502534763899707
9.933333333333334   11.667598674448632
9.933333333333334   12.500332758856974
9.933333333333334   11.666786134557286
9.933333333333334   12.500025625052254
9.933333333333334   12.755080174964771
9.933333333333334   11.795334675258157
9.933333333333334   12.552338859727103
9.933333333333334   12.36463032704367
9.933333333333334   11.670514668762214
9.933333333333334   12.497005592489346
9.933333333333334   12.503405677639345
9.933333333333334   11.667120634328567
9.933333333333334   12.500640032770052
9.933333333333334   12.500384011797351
9.933333333333334   11.670132112397518
9.933333333333334   12.020334790750345
9.933333333333334   12.561784272318913
9.933333333333334   12.513967339505879
9.933333333333334   11.903995190296735
9.933333333333334   12.500793550375217
9.933333333333334   12.5015618201171
9.933333333333334   11.666547201224052
9.933333333333334   12.499104064221859
9.933333333333334   12.501459420370727
9.933333333333334   11.668172094231956
9.933333333333334   12.498080294864877
9.933333333333334   11.779218211782243
9.933333333333334   12.59488252416148
9.933333333333334   12.343813039273204
9.933333333333334   11.670849382376513
9.933333333333334   12.497568473079868
9.933333333333334   12.753800892842422
9.933333333333334   11.667025077677529
9.933333333333334   12.496749720364727
9.933333333333334   12.505865000567889
9.933333333333334   11.664970579945575
9.933333333333334   12.015649412493785
9.933333333333334   12.581982151125441
9.933333333333334   12.500640032770052
9.933333333333334   12.50140803358456
9.933333333333334   11.666977358274805
9.933333333333334   12.501356897276024
9.933333333333334   11.66411071008936
9.933333333333334   12.502586034895154
9.666666666666666   12.25767856532515
8.133333333333333   12.339087311950948
6.8   11.90056355595005
5.466666666666667   10.838194263460544
4.2   9.169201675854147
2.8666666666666667   9.169051445255867
1.4666666666666666   7.498111300743913
0.13333333333333333   4.999170687575749
0.0   4.166043843112036
0.0   4.168109249276901
