0.0   0.00822151430057763
1.4   0.0
2.6666666666666665   0.8330143138415521
4.066666666666666   1.6671139199891454
4.933333333333334   3.3327395391296055
4.933333333333334   4.168143398191244
4.933333333333334   4.998290534654258
4.933333333333334   4.989363077068735
4.933333333333334   5.844932426385482
4.933333333333334   5.0015057032920165
4.933333333333334   5.611434541371868
4.933333333333334   5.493703051637836
4.933333333333334   5.840593833934178
4.933333333333334   5.957524910394647
4.933333333333334   5.8263530710366656
4.933333333333334   5.833393067278332
4.933333333333334   5.836453034209171
4.933333333333334   5.831506089215308
4.933333333333334   5.0042941347540975
4.933333333333334   5.8306705244115395
4.933333333333334   5.8375295246815
4.933333333333334   5.499239623279716
4.933333333333334   6.286787352300336
4.933333333333334   5.402835708268675
4.933333333333334   5.834635740723371
4.933333333333334   5.834396768832304
4.933333333333334   5.83093308803706
4.933333333333334   5.836787894616642
4.933333333333334   5.091073863977476
4.933333333333334   5.830885294451377
4.933333333333334   5.849950233971932
4.933333333333334   5.571307073273443
4.933333333333334   6.331812257904187
4.933333333333334   4.99786081561366
4.933333333333334   5.833679795576479
4.933333333333334   5.8347313933224125
4.933333333333334   5.831386758119643
4.933333333333334   5.834325051905651
4.933333333333334   5.822398984488425
4.933333333333334   5.84155210506762
4.933333333333334   5.006059033490578
4.933333333333334   5.822398984488425
4.933333333333334   5.618407719558638
4.933333333333334   6.286131781850657
4.933333333333334   5.398923678596649
4.933333333333334   5.834014396173939
4.933333333333334   5.830431760663339
4.933333333333334   5.836213855043644
4.933333333333334   5.833273600611715
4.933333333333334   5.839947190325251
4.933333333333334   5.832437529253299
4.933333333333334   5.001833572150851
4.933333333333334   5.60909188023596
4.933333333333334   6.278711547235886
4.933333333333334   5.839324597156432
4.933333333333334   5.833178054133658
4.933333333333334   5.820090996690306
4.933333333333334   5.1089931655057255
4.933333333333334   5.837362047123763
4.933333333333334   5.8393246556097615
4.933333333333334   5.832222528230614
4.933333333333334   5.835472500842556
4.933333333333334   5.832724163621761
4.933333333333334   5.499451979610217
4.933333333333334   5.496586604014398
4.933333333333334   6.173076941002505
4.933333333333334   5.832509141466656
4.933333333333334   5.006551773913474
4.933333333333334   5.8329391433058655
4.933333333333334   5.830288581727373
4.933333333333334   5.838343157213114
4.933333333333334   5.836213855043644
4.933333333333334   5.953117195038039
4.933333333333334   5.604213956425051
4.933333333333334   5.502596730423186
4.933333333333334   5.835424691188257
4.933333333333334   5.830336365531455
4.933333333333334   5.838774019740356
4.933333333333334   5.829047700882757
4.933333333333334   5.005894841647646
4.933333333333334   5.82706818616085
4.933333333333334   5.833799278881865
4.933333333333334   5.8339426886471335
4.933333333333334   5.829143112098523
4.933333333333334   5.511711205230226
4.933333333333334   5.477602336017733
4.933333333333334   6.188544312598096
4.933333333333334   5.961265488640866
4.933333333333334   5.834086047115149
4.933333333333334   5.831888191439597
4.933333333333334   5.001198337133496
4.933333333333334   5.8336080962747285
4.933333333333334   5.8349226495646125
4.933333333333334   5.8274258386635776
4.933333333333334   5.618651567866557
4.933333333333334   5.494911203553828
4.933333333333334   5.831506089215308
4.933333333333334   5.8373621055377045
4.933333333333334   5.834946520997886
4.933333333333334   5.8339426886471335
4.933333333333334   5.828737548638422
4.933333333333334   5.835376882317561
4.933333333333334   5.108266281293573
4.933333333333334   5.821875358658721
4.933333333333334   5.840019045536811
4.933333333333334   5.718182966393057
4.933333333333334   6.168140810685431
4.933333333333334   5.839803543669531
4.933333333333334   4.99636754087051
4.933333333333334   5.836955339229939
4.933333333333334   5.835137791343888
4.933333333333334   5.837625272185925
4.933333333333334   5.829715761514767
4.933333333333334   5.82430391497396
4.933333333333334   5.839971161354693
4.933333333333334   4.811469264800974
4.933333333333334   6.286156083948183
4.933333333333334   5.94310570498148
4.933333333333334   5.839587999247375
4.933333333333334   5.823065580026731
4.933333333333334   5.004335205545235
4.933333333333334   5.841504137245346
4.933333333333334   5.79531830542383
4.933333333333334   5.869720729991085
4.933333333333334   5.828451364186356
4.933333333333334   5.834420635962973
4.933333333333334   5.7233993657616375
4.933333333333334   5.400991673303435
4.933333333333334   5.8387500585376815
4.933333333333334   5.824280072388917
4.933333333333334   5.837218527613069
4.933333333333334   5.825923981472871
4.933333333333334   5.964061445005507
4.933333333333334   4.996960648655071
4.933333333333334   5.837385938521041
4.933333333333334   5.833178054133658
4.933333333333334   5.59936654590245
4.933333333333334   6.281619355488356
4.933333333333334   5.847116155535029
4.933333333333334   5.003350643859222
4.933333333333334   5.830216965760741
4.933333333333334   5.838726155972915
4.933333333333334   5.816763062230357
4.933333333333334   5.847212217781241
4.933333333333334   5.813225328788757
4.933333333333334   5.840905249262421
4.933333333333334   5.008174492652134
4.933333333333334   5.507150170660776
4.933333333333334   6.40620245446653
4.933333333333334   5.400151987431907
4.933333333333334   5.834707465288502
4.933333333333334   5.837768870120877
4.933333333333334   5.833512538838557
4.933333333333334   5.830980824119841
4.933333333333334   5.8381995894550975
4.933333333333334   5.830240856978035
4.933333333333334   4.999559688778119
4.933333333333334   5.614022552831086
4.933333333333334   6.289338080123256
4.933333333333334   5.82823665694157
4.933333333333334   5.828928470377481
4.933333333333334   5.000624678034875
4.933333333333334   5.839971161354693
4.933333333333334   5.951798587108988
4.933333333333334   5.8322702854284305
4.933333333333334   5.832963056838436
4.933333333333334   5.839300689887477
4.933333333333334   5.831959790163573
4.933333333333334   5.504276821517543
4.933333333333334   5.501555171756643
4.933333333333334   6.167065762160402
4.933333333333334   5.004212095362767
4.933333333333334   5.832365860484454
4.933333333333334   5.837194579175547
4.933333333333334   5.826662911365651
4.933333333333334   5.831434443335597
4.933333333333334   5.841216697800801
4.933333333333334   5.8311956753106875
4.933333333333334   5.718274782774307
4.933333333333334   5.483993307798243
4.933333333333334   5.855746966093348
4.933333333333334   5.834898719961802
4.933333333333334   5.83432511025893
4.933333333333334   5.829620331551608
4.933333333333334   4.993015968983221
4.933333333333334   5.839372529190521
4.933333333333334   5.8281412753967015
4.933333333333334   5.844788534381885
4.933333333333334   5.835783370265746
4.933333333333334   5.50229906492046
4.933333333333334   5.500620232649693
4.933333333333334   6.167369563317647
4.933333333333334   5.835424691188464
4.933333333333334   5.932831304606658
4.933333333333334   5.851368303691563
4.933333333333334   4.998106367440609
4.933333333333334   5.818355199726281
4.933333333333334   5.838367115076195
4.933333333333334   5.84630007612418
4.933333333333334   5.616059287768885
4.933333333333334   6.285015154994044
4.933333333333334   4.993996467146997
4.933333333333334   5.832055355043437
4.933333333333334   5.846516057740302
4.933333333333334   5.799471783447286
4.933333333333334   5.840833372241652
4.933333333333334   5.836166033240887
4.933333333333334   5.842486698819365
4.933333333333334   5.111988380573208
4.933333333333334   5.832652487808379
4.933333333333334   5.506319774687949
4.933333333333334   6.285961850239878
4.933333333333334   5.400868759058983
4.933333333333334   5.8389894456294416
4.933333333333334   5.833464761294213
4.933333333333334   5.830527275471416
4.933333333333334   5.833894845712391
4.933333333333334   5.834779249979216
4.933333333333334   5.002632985792969
4.933333333333334   5.8236846526011155
4.933333333333334   5.618274764584602
4.933333333333334   6.288633334551675
4.933333333333334   5.8241609786911726
4.933333333333334   5.105360811624399
4.933333333333334   5.835950757247571
4.933333333333334   5.8368596721045725
4.933333333333334   5.825852530874032
4.933333333333334   5.836429092052114
4.933333333333334   5.8380799258364675
4.933333333333334   5.826782107406536
4.933333333333334   5.839324655609346
4.933333333333334   4.894303933709934
4.933333333333334   6.178513326493812
4.933333333333334   5.8327480170700055
4.933333333333334   5.8337514966407245
4.933333333333334   5.832939143306072
4.933333333333334   5.001936099406008
4.933333333333334   5.837027062428372
4.933333333333334   5.945065670401587
4.933333333333334   5.834086047115149
4.933333333333334   5.832413561714719
4.933333333333334   5.508470877726368
3.6   5.497817269154129
2.1333333333333333   5.40792356847503
0.8   4.1629921184136425
0.0   3.3303119411277105
0.0   2.5036969087816097
0.0   3.3340502541596497
0.0   1.6651150791335958
0.0   2.500015375094461
0.0   2.5000460758493133
