0.0   0.346587073971027
1.2666666666666666   0.0
2.6   0.0
4.0   1.6663697529040926
4.133333333333334   2.4813350257361595
3.2666666666666666   4.281830127501429
2.8666666666666667   3.335662793445137
2.6   3.3338454119886087
2.7333333333333334   3.3317298716979815
2.7333333333333334   3.333708842297329
2.7333333333333334   3.3353073683523666
2.7333333333333334   3.3287181654584748
2.7333333333333334   2.5029166237124443
2.8666666666666667   3.326445960237122
3.2   2.5043132538464956
3.2   3.3351160195480976
2.7333333333333334   3.33273953912965
2.7333333333333334   3.325399362755723
2.8666666666666667   3.3391254471164005
2.7333333333333334   2.50196246429813
3.1333333333333333   3.332643975926911
2.8666666666666667   2.498153090438701
2.8666666666666667   3.3373179574818486
3.1333333333333333   3.3306390129038426
2.7333333333333334   3.3343918026671746
2.7333333333333334   2.551613241652038
2.7333333333333334   3.3328214119644555
2.7333333333333334   3.3332992003495217
2.7333333333333334   2.500609423522601
3.1333333333333333   3.3338590495668563
2.8666666666666667   2.4997286794491385
3.1333333333333333   3.330598146217716
2.8666666666666667   3.337331656898188
2.7333333333333334   3.330216517090661
2.7333333333333334   2.5012345093044073
2.8666666666666667   3.3340366150169185
3.1333333333333333   3.3333128334594107
2.7333333333333334   2.5001587350780867
2.7333333333333334   3.3337361486721777
2.7333333333333334   3.3335313117579286
2.7333333333333334   2.4994727612157566
3.1333333333333333   3.330325549813016
2.8666666666666667   2.503358029494336
3.1333333333333333   3.3290313592690057
2.8666666666666667   3.405781631056415
2.7333333333333334   3.3323574191395697
2.7333333333333334   2.4997491501727707
2.8666666666666667   3.334268829138728
3.1333333333333333   3.3339956649121265
2.7333333333333334   2.499145267327129
2.8666666666666667   3.3328896590619275
2.7333333333333334   3.3295761397299555
2.7333333333333334   2.5032861889445512
3.1333333333333333   3.332207313837824
2.8666666666666667   3.3312525663553543
2.7333333333333334   2.5020034792860377
3.1333333333333333   3.3335859191384043
2.8666666666666667   3.333230936478971
2.7333333333333334   3.332534824664003
2.7333333333333334   2.4999027287848214
2.8666666666666667   3.335662793445137
3.1333333333333333   2.492847546747343
2.7333333333333334   3.341085788331432
2.7333333333333334   3.336045671906434
2.7333333333333334   2.5510587000749587
3.1333333333333333   3.3334630383801827
2.8666666666666667   3.332548451522012
2.7333333333333334   3.334063926761627
2.7333333333333334   2.5003635778678577
3.1333333333333333   3.3328896590618977
3.1333333333333333   2.5003123640236424
2.8666666666666667   3.329971227883094
3.1333333333333333   3.3363875959942217
2.7333333333333334   3.3334084350253828
2.7333333333333334   2.499943676268963
3.2   3.3337361486721777
2.7333333333333334   3.332998866897027
2.7333333333333334   3.3335176435238276
2.7333333333333334   2.4998413100736596
3.1333333333333333   3.333804433237818
2.8666666666666667   3.333258235025254
2.7333333333333334   2.4965079844916107
2.8666666666666667   3.338495348225728
3.1333333333333333   2.4997389272664243
2.8666666666666667   3.3304754523476903
3.1333333333333333   3.404271508995046
2.7333333333333334   3.333708808956475
2.7333333333333334   3.3325075379654243
2.7333333333333334   2.5010602744821973
3.1333333333333333   3.3319481092263876
2.8666666666666667   2.4994011184980023
3.1333333333333333   3.3335176768608505
2.8666666666666667   3.3350476478757995
2.7333333333333334   3.3327532009836025
2.7333333333333334   2.5004659868413186
2.8666666666666667   3.333094417125533
3.1333333333333333   3.3333674670161892
2.7333333333333334   3.3335313117579286
2.7333333333333334   2.5003635778678355
2.7333333333333334   3.3330261616422723
2.7333333333333334   2.500558199606897
3.2   3.320907758446189
2.8666666666666667   3.344917115797042
2.7333333333333334   2.500281606717401
3.066666666666667   3.333913701030352
2.8666666666666667   3.4003740887550213
2.7333333333333334   3.334856362233992
2.7333333333333334   2.4997491501727707
2.8666666666666667   3.3333811006845027
3.1333333333333333   2.499452295018571
2.8666666666666667   3.333422069028822
3.2   3.3332719011322163
2.7333333333333334   3.3333674670161892
2.7333333333333334   3.3337361486721777
2.7333333333333334   2.499063425999819
3.1333333333333333   3.3359089218937754
2.8666666666666667   3.3333265000139876
2.7333333333333334   2.4989304078068746
3.1333333333333333   3.334555714767234
3.1333333333333333   3.333176340727674
2.7333333333333334   2.500117755546312
2.8666666666666667   3.326024527475171
3.1333333333333333   3.3402492860776802
2.7333333333333334   3.3332992003494923
2.7333333333333334   2.5490557364597914
3.2   3.335990950524062
2.7333333333333334   3.3336678669037543
2.7333333333333334   2.4998925046222973
3.1333333333333333   3.333230936478971
2.8666666666666667   3.333230936478971
2.7333333333333334   2.5004455043755187
3.1333333333333333   3.3289496392903617
3.1333333333333333   3.337044260032256
2.7333333333333334   3.3337634888362504
2.7333333333333334   2.499616058973375
2.8666666666666667   3.3339000296603714
3.1333333333333333   3.333913701030411
2.7333333333333334   2.4990531587391915
3.2   3.3338863917468538
2.8666666666666667   3.333681503029549
2.7333333333333334   3.333585952476822
2.7333333333333334   2.4982962369152966
3.1333333333333333   3.4036450151821835
2.8666666666666667   3.3339273391672988
2.7333333333333334   3.3333948011334713
2.7333333333333334   2.499513694615574
2.8666666666666667   3.3336678669038133
3.1333333333333333   2.5001280065539215
2.8666666666666667   3.3331353784232425
3.2   3.332821411964441
2.7333333333333334   3.332302851999369
2.7333333333333334   3.3292901102518093
2.7333333333333334   2.5041385898474524
3.1333333333333333   3.333039825846271
2.8666666666666667   3.333722478758333
2.7333333333333334   2.499964175513296
3.1333333333333333   3.333517643523887
3.1333333333333333   3.333504008738562
2.7333333333333334   2.5014087684042985
2.8666666666666667   3.3330398258462117
3.1333333333333333   3.4001041710316655
2.7333333333333334   3.3321118144632496
2.7333333333333334   2.501777888456401
3.2   3.333080752473924
2.8666666666666667   3.3337907627639103
2.7333333333333334   3.333476706166438
2.7333333333333334   2.49866441389746
3.1333333333333333   3.3352937189225607
2.8666666666666667   2.4995853437873414
2.8666666666666667   3.333176340727674
3.1333333333333333   3.3338454119885346
2.7333333333333334   3.3337088422973213
2.7333333333333334   2.4986746280170844
2.8666666666666667   3.3356081180015504
2.7333333333333334   3.3332719011322753
2.7333333333333334   2.499595590429407
3.1333333333333333   3.3338181038238397
2.8666666666666667   3.332903322146606
2.7333333333333334   2.500906553616693
3.1333333333333333   3.399933716932149
2.8666666666666667   3.3341868518255064
2.7333333333333334   3.3298350086732
2.7333333333333334   2.50209578044669
2.8666666666666667   3.334077599475922
3.1333333333333333   2.499636552845214
2.8666666666666667   3.3340775661275805
2.7333333333333334   3.33328556735118
2.7333333333333334   3.33331283345944
2.7333333333333334   2.500261152277343
3.1333333333333333   3.3334493707058885
2.8666666666666667   3.3323710778609015
2.7333333333333334   2.4990327243937105
3.1333333333333333   3.3346240329115164
3.1333333333333333   3.333504008738562
2.7333333333333334   2.500322591620778
2.8666666666666667   3.3336951726074133
3.1333333333333333   3.33336746701613
2.7333333333333334   3.400445165198254
2.7333333333333334   2.5000460758492244
3.2   3.3339683209397593
2.7333333333333334   3.3335859191384336
2.7333333333333334   2.4970288852105984
3.1333333333333333   3.337112680185917
2.8666666666666667   3.3336268925174513
2.7333333333333334   3.3338590495668416
2.7333333333333334   2.4995649007377465
2.8666666666666667   3.333435736479175
3.1333333333333333   2.500599168566748
2.8666666666666667   3.3340912389537736
3.1333333333333333   3.332043632524947
2.7333333333333334   3.333517643523887
2.7333333333333334   2.495905691344878
3.2   3.3390295507954706
2.8666666666666667   3.332903322146724
2.7333333333333334   3.3349109796704086
2.7333333333333334   2.4974580123113417
3.1333333333333333   3.3354440690491556
2.8666666666666667   3.4018949888630616
2.7333333333333334   2.5003328443082014
2.7333333333333334   3.3338727206008465
3.1333333333333333   3.3330671212623093
2.7333333333333334   2.497958817931563
2.8666666666666667   3.3348836874108088
2.7333333333333334   3.3341868851759155
2.7333333333333334   2.4999436762689853
3.1333333333333333   3.3325348246639437
2.8666666666666667   3.329562537168743
2.7333333333333334   3.332903288821988
2.7333333333333334   2.5012037543308865
2.8666666666666667   3.337057957201686
3.1333333333333333   2.5005889387067652
2.8666666666666667   3.3323847033798955
3.1333333333333333   3.3349793457392245
2.7333333333333334   3.3315116294592424
2.7333333333333334   2.5007016218540463
3.2   3.3954369964933546
2.8666666666666667   3.3346240329115164
2.7333333333333334   3.335211691205731
2.7333333333333334   2.50126526503429
3.1333333333333333   3.3336132234995945
3.1333333333333333   3.330121131790835
2.7333333333333334   2.5032451068266623
2.8666666666666667   3.3308298815943473
3.1333333333333333   3.3358952675398745
2.7333333333333334   3.3296442539820457
2.7333333333333334   2.503255358430895
3.1333333333333333   3.3321664086570224
2.8666666666666667   3.3326167207598454
2.7333333333333334   2.499308991050216
3.1333333333333333   3.3341868851759155
3.1333333333333333   3.336045671906434
2.7333333333333334   3.3321800325022286
2.7333333333333334   2.5007835955318547
2.8666666666666667   3.3315252812479073
3.2   2.5510373543400178
3.2   3.3351843606535145
2.7333333333333334   3.333394767798847
2.7333333333333334   3.333162675404395
2.7333333333333334   3.33301253087717
2.7333333333333334   2.498286000923328
3.1333333333333333   3.335157030549218
2.8666666666666667   3.3345147185530544
2.7333333333333334   2.499912978029193
2.8666666666666667   3.333353800125654
3.1333333333333333   3.3317844533766388
2.7333333333333334   2.50069136614204
2.8666666666666667   3.3330398258462117
2.7333333333333334   3.3346923538553104
2.7333333333333334   3.333230936478971
2.7333333333333334   2.499268064354633
3.1333333333333333   3.3338590829106933
2.8666666666666667   2.500752851645964
3.1333333333333333   3.4006156358926702
3.1333333333333333   3.3335313117579286
2.7333333333333334   3.3332173040390423
2.7333333333333334   2.500291859068661
2.8666666666666667   3.3330671212624274
3.1333333333333333   3.332835074489629
2.7333333333333334   2.501009032094017
3.1333333333333333   3.333490340728416
2.8666666666666667   3.332452932592991
2.7333333333333334   3.3344874327787712
2.7333333333333334   2.5001280065539215
3.1333333333333333   3.3332036383797616
3.1333333333333333   3.332371044546808
2.7333333333333334   2.5001996909492816
2.8666666666666667   3.332971572598822
3.1333333333333333   3.3346377102201323
2.7333333333333334   3.33336746701613
2.7333333333333334   2.5497691999915832
3.2   3.3336951726074133
2.7333333333333334   3.3339819928698327
2.7333333333333334   2.5001382326429153
3.1333333333333333   3.3321936897693862
2.8666666666666667   3.333913701030411
2.7333333333333334   2.5008962962236274
2.8666666666666667   3.33258943272013
3.1333333333333333   3.3329852030289175
2.7333333333333334   3.333913701030411
2.7333333333333334   2.5000870280294163
2.8666666666666667   3.333080785802209
2.7333333333333334   2.5003635528606063
3.1333333333333333   3.3329852363552916
2.8666666666666667   3.3335859191384336
2.7333333333333334   3.3333265000139876
2.7333333333333334   2.4997696212317044
