0.0   0.3979715225937245
1.3333333333333333   0.0
2.8666666666666667   0.0
4.266666666666667   2.444995355144523
4.933333333333334   3.3360867057742123
4.933333333333334   4.173187647953481
4.933333333333334   4.999887352537948
4.933333333333334   5.003084101163321
4.933333333333334   5.833178054133528
4.933333333333334   4.989730137431139
4.933333333333334   5.962014107092931
4.933333333333334   5.834994322817265
4.933333333333334   5.833894904056805
4.933333333333334   5.832939143306021
4.933333333333334   5.830670466131459
4.933333333333334   5.00265350747343
4.933333333333334   5.837625272185951
4.933333333333334   5.832962998512568
4.933333333333334   5.8317687864033
4.933333333333334   5.834922649564639
4.933333333333334   5.833775358492234
4.933333333333334   5.832628576822411
4.933333333333334   5.000932023701238
4.933333333333334   5.832533051473351
4.933333333333334   5.833631956953198
4.933333333333334   5.833727634984185
4.933333333333334   5.951674221432847
4.933333333333334   5.833823199467401
4.933333333333334   5.833608096274677
4.933333333333334   4.999641625688255
4.933333333333334   5.832963056838487
4.933333333333334   5.8328435494604935
4.933333333333334   5.835448625105435
4.933333333333334   5.832198620769699
4.933333333333334   5.833440843648061
4.933333333333334   5.834133893186167
4.933333333333334   5.000604223008267
4.933333333333334   5.83141060063011
4.933333333333334   5.833560317165269
4.933333333333334   5.833536398735357
4.933333333333334   5.833727576642961
4.933333333333334   5.950679543801178
4.933333333333334   5.836453034209171
4.933333333333334   5.830312473531456
4.933333333333334   5.003166103573645
4.933333333333334   5.831744882662193
4.933333333333334   5.835042183787309
4.933333333333334   5.832724105300502
4.933333333333334   5.833416926197881
4.933333333333334   5.830813780390688
4.933333333333334   5.836118153832829
4.933333333333334   5.000337922836823
4.933333333333334   5.8328674622090935
4.933333333333334   5.83274801706985
4.933333333333334   5.834038260176312
4.933333333333334   5.832055355043385
4.933333333333334   5.834062182721833
4.933333333333334   5.952594638380312
4.933333333333334   5.000051200524284
4.933333333333334   5.828833007944555
4.933333333333334   5.838893711815084
4.933333333333334   5.832891375153866
4.933333333333334   5.833321375024479
4.933333333333334   5.833632015292536
4.933333333333334   5.834994322817278
4.933333333333334   5.000112652538074
4.933333333333334   5.83198369566646
4.933333333333334   5.83329751688659
4.933333333333334   5.833345233357579
4.933333333333334   5.830145409823271
4.933333333333334   5.838151735104866
4.933333333333334   5.832270285428379
4.933333333333334   5.000112652538074
4.933333333333334   5.833201911294299
4.933333333333334   5.953092286163311
4.933333333333334   5.831577736855648
4.933333333333334   5.835018253204098
4.933333333333334   5.833608154613511
4.933333333333334   5.832676340670273
4.933333333333334   4.998617982100344
4.933333333333334   5.837098904207431
4.933333333333334   5.833727576642961
4.933333333333334   5.8337514966406205
4.933333333333334   5.83301082616472
4.933333333333334   5.833512538838557
4.933333333333334   5.833512538838557
4.933333333333334   4.999846404718457
4.933333333333334   5.834062124373917
4.933333333333334   5.830694361065521
4.933333333333334   5.951947857073046
4.933333333333334   5.835496435151893
4.933333333333334   5.832819695230975
4.933333333333334   5.834420694318164
4.933333333333334   5.833727576642961
4.933333333333334   5.833345291691155
4.933333333333334   5.000296967636893
4.933333333333334   5.829047700882757
4.933333333333334   5.837457789134269
4.933333333333334   5.832150864745488
4.933333333333334   5.834970450992775
4.933333333333334   5.830264690118945
4.933333333333334   5.836285618413448
4.933333333333334   4.9991502444414015
4.933333333333334   5.8335842357913705
4.933333333333334   5.834301127204299
4.933333333333334   5.952644448009643
4.933333333333334   5.832437470937772
4.933333333333334   5.832413620029664
4.933333333333334   5.83384706190554
4.933333333333334   5.001218847045246
4.933333333333334   5.83124341569313
4.933333333333334   5.835113918345574
4.933333333333334   5.8336080962746255
4.933333333333334   5.8331541388382
4.933333333333334   5.83360815461346
4.933333333333334   5.833584177453015
4.933333333333334   5.000112652538074
4.933333333333334   5.833273600611612
4.933333333333334   5.83418168169172
4.933333333333334   5.83413383483674
4.933333333333334   5.833321375024583
4.933333333333334   5.950082884654537
4.933333333333334   5.83451628150947
4.933333333333334   4.999088816081422
4.933333333333334   5.834755263191007
4.933333333333334   5.833225826981379
4.933333333333334   5.8337514966406205
4.933333333333334   5.8335364570727055
4.933333333333334   5.832628576822437
4.933333333333334   5.832294135164357
4.933333333333334   4.999621178703225
4.933333333333334   5.83697928570463
4.933333333333334   5.833894845712184
4.933333333333334   5.829954466623179
4.933333333333334   5.834659668169001
4.933333333333334   5.833894904056857
4.933333333333334   5.953515340053896
4.933333333333334   4.999006947269917
4.933333333333334   5.832771870713041
4.933333333333334   5.8320792613297305
4.933333333333334   5.83451628150947
4.933333333333334   5.835042125419686
4.933333333333334   5.833225826981379
4.933333333333334   5.832127016181283
4.933333333333334   5.002366519553136
4.933333333333334   5.833775358492156
4.933333333333334   5.8311001968909695
4.933333333333334   5.834516281509367
4.933333333333334   5.831959848469444
4.933333333333334   5.833536398735409
4.933333333333334   5.832055355043334
4.933333333333334   5.105723762433598
4.933333333333334   5.83356031716532
4.933333333333334   5.83241362002956
4.933333333333334   5.83396655206287
4.933333333333334   5.833990474020313
4.933333333333334   5.83129121514979
4.933333333333334   5.834205547062573
4.933333333333334   4.99896601386967
4.933333333333334   5.834086047115149
4.933333333333334   5.83059889906173
4.933333333333334   5.836787894616642
4.933333333333334   5.834946520998094
4.933333333333334   5.833201911294092
4.933333333333334   5.833297516886642
4.933333333333334   5.83384706190554
4.933333333333334   5.101200575717481
4.933333333333334   5.832413620029664
4.933333333333334   5.834086047115149
4.933333333333334   5.832771929035048
4.933333333333334   5.830956926837892
4.933333333333334   5.836189914848956
4.933333333333334   5.835257392753554
4.933333333333334   4.999784959248802
4.933333333333334   5.83377535849226
4.933333333333334   5.832341951848509
4.933333333333334   5.833130282068118
4.933333333333334   5.8337036568415614
4.933333333333334   5.832652487808379
4.933333333333334   5.8331541388382
4.933333333333334   4.999088816081511
4.933333333333334   5.955531975732696
4.933333333333334   5.833321375024479
4.933333333333334   5.831697134068463
4.933333333333334   5.833918767081467
4.933333333333334   5.833512538838557
4.933333333333334   5.832939084980619
4.933333333333334   5.000829587620281
4.933333333333334   5.832437470937772
4.933333333333334   5.832222528230614
4.933333333333334   5.837505632108865
4.933333333333334   5.832819695231078
4.933333333333334   5.831315056878901
4.933333333333334   5.835687741552706
4.933333333333334   4.999784959248802
4.933333333333334   5.834372843542981
4.933333333333334   5.832652487808379
4.933333333333334   5.9530176822927325
4.933333333333334   5.832150864745384
4.933333333333334   5.834157758166286
4.933333333333334   5.834062124373813
4.933333333333334   4.999600681893464
4.933333333333334   5.834062182721936
4.933333333333334   5.832580813756768
4.933333333333334   5.83384706190554
4.933333333333334   5.832437470937772
4.933333333333334   5.83434897680322
4.933333333333334   5.834086047115149
4.933333333333334   5.831792632037942
4.933333333333334   5.001280327763873
4.933333333333334   5.8325329931560175
4.933333333333334   5.833608154613563
4.933333333333334   5.834157758166079
4.933333333333334   5.951748852359956
4.933333333333334   5.833966552062974
4.933333333333334   5.83384706190554
4.933333333333334   4.999518796315932
4.933333333333334   5.83434897680322
4.933333333333334   5.831601580927861
4.933333333333334   5.8347313933224125
4.933333333333334   5.834062182721729
4.933333333333334   5.832294193477018
4.933333333333334   5.832795782873977
4.933333333333334   5.834874790555473
4.933333333333334   4.999785009244506
4.933333333333334   5.834229412628882
4.933333333333334   5.832795841196565
4.933333333333334   5.834181623341415
4.933333333333334   5.831577736855545
4.933333333333334   5.954286992557101
4.933333333333334   5.832986912240467
4.933333333333334   4.999744013106593
4.933333333333334   5.830980824119841
4.933333333333334   5.836333442175901
4.933333333333334   5.8337036568415614
4.933333333333334   5.8335364570727055
4.933333333333334   5.832891375153866
4.933333333333334   5.834109911703599
4.933333333333334   4.998147286763798
4.933333333333334   5.835400815842333
4.933333333333334   5.833321375024479
4.933333333333334   5.8327480170700055
4.933333333333334   5.834157758166079
4.933333333333334   5.831482245923871
4.933333333333334   5.953365991458209
4.933333333333334   5.000174106062318
4.933333333333334   5.832628576822437
4.933333333333334   5.83434897680322
4.933333333333334   5.830527275471416
4.933333333333334   5.836189914848956
4.933333333333334   5.826329211671497
4.933333333333334   5.82511380649675
4.933333333333334   5.01232832274259
4.933333333333334   5.833894845712391
4.933333333333334   5.8339426886471335
4.933333333333334   5.833345291691052
4.933333333333334   5.832962998512711
4.933333333333334   5.833918767081467
4.933333333333334   5.83336920855395
4.933333333333334   5.103695871987954
4.933333333333334   5.831625483494144
4.933333333333334   5.831434443335597
4.933333333333334   5.836142093438736
4.933333333333334   5.833178054133451
4.933333333333334   5.833464761294421
4.933333333333334   5.8308137221077825
4.933333333333334   5.003248108672069
4.933333333333334   5.834062182721936
4.933333333333334   5.832103109503278
4.933333333333334   5.834564076279556
4.933333333333334   5.832150864745591
4.933333333333334   5.824327699601053
4.933333333333334   5.842414782871766
4.933333333333334   5.832485289972166
4.933333333333334   5.002120498921882
4.933333333333334   5.953042590543149
4.933333333333334   5.832604666032333
4.933333333333334   5.83377535849226
4.933333333333334   5.829453365762255
4.933333333333334   5.836429092052322
4.933333333333334   5.83485091970911
4.933333333333334   4.999764511091511
4.933333333333334   5.833345233357475
4.933333333333334   5.833847120249361
4.933333333333334   5.831792632037734
4.933333333333334   5.834946520998094
4.933333333333334   5.83227034374051
4.933333333333334   5.835137791343888
4.933333333333334   4.996776529493091
4.933333333333334   5.834803120239168
4.933333333333334   5.834301127204299
4.933333333333334   5.9515001910823795
4.933333333333334   5.834038260176312
4.933333333333334   5.833584177452911
4.933333333333334   5.833345291691259
4.933333333333334   4.9992116743109625
4.933333333333334   5.8357355555174655
4.933333333333334   5.834826990694637
4.933333333333334   5.8246135955501295
4.933333333333334   5.8395640313636274
4.933333333333334   5.832461380356851
4.933333333333334   5.836022514147784
4.933333333333334   4.99874081718814
4.933333333333334   5.834946579363494
4.933333333333334   5.8336080962747285
4.933333333333334   5.834516281509367
4.933333333333334   5.832318043408375
4.933333333333334   5.953415813997196
4.933333333333334   5.830575004909975
4.933333333333334   5.001259817348036
4.933333333333334   5.8326763406703765
4.933333333333334   5.834588003137407
4.933333333333334   5.832198620769777
4.933333333333334   5.833703715182099
4.933333333333334   5.8318642867194965
4.933333333333334   5.835544245981802
4.933333333333334   5.832365860484454
4.933333333333334   5.0007885743502625
4.933333333333334   5.826090861522359
4.933333333333334   5.8410729301981394
4.933333333333334   5.834611871833003
4.933333333333334   5.83351253883835
4.933333333333334   5.832580813756561
4.933333333333334   5.832962998512711
4.933333333333334   5.952246358728742
4.933333333333334   5.000297017642837
4.933333333333334   5.832676340670169
4.933333333333334   5.8354486251056175
4.933333333333334   5.830479488537801
4.933333333333334   5.833918767081674
4.933333333333334   5.833321433357786
4.933333333333334   5.833775358492052
4.933333333333334   4.99896601386967
4.933333333333334   5.837744858745753
4.933333333333334   5.832580813756975
4.933333333333334   5.834372901896697
4.933333333333334   5.833130223739048
4.933333333333334   5.833130223739048
4.933333333333334   5.829143170348294
4.933333333333334   5.002653507473241
4.933333333333334   5.834181681691513
4.933333333333334   5.953117195038255
4.933333333333334   5.830026017873534
4.933333333333334   5.833823199467426
4.933333333333334   5.834014337827083
4.933333333333334   5.834827049057853
4.933333333333334   4.999928301028199
4.933333333333334   5.834325051905547
4.933333333333334   5.828093585795184
4.933333333333334   5.837840613314004
4.933333333333334   5.833990474020313
4.933333333333334   5.831601580927861
4.933333333333334   5.830933088037164
4.933333333333334   5.0031866296279555
4.933333333333334   5.833560317165527
4.933333333333334   5.8356398699917635
4.933333333333334   5.830742151521326
4.933333333333334   5.835424691188257
4.933333333333334   5.947722186559799
4.933333333333334   5.837960267122524
4.933333333333334   5.000788624366217
4.933333333333334   5.832079203021264
4.933333333333334   5.828403611275039
4.933333333333334   5.839683814290704
4.933333333333334   5.8300499075261145
4.933333333333334   5.835161722907454
4.933333333333334   5.828403611275039
4.933333333333334   5.0041916109772515
4.933333333333334   5.832222528230614
4.933333333333334   5.83501825320415
4.933333333333334   5.833775358492052
4.933333333333334   5.830527275471416
4.933333333333334   5.833369208554157
4.933333333333334   5.836309501000112
4.933333333333334   5.834587944778973
4.933333333333334   4.998884149080196
4.933333333333334   5.952818545287092
4.933333333333334   5.8335364570729125
4.933333333333334   5.826257692940564
4.933333333333334   5.839971161354901
4.933333333333334   5.834086047115149
4.933333333333334   5.831912038050751
4.933333333333334   5.000829587620103
4.933333333333334   5.833273600611612
4.933333333333334   5.833751438298816
4.933333333333334   5.8335842357914744
4.933333333333334   5.8335842357914744
4.933333333333334   5.833870982883165
4.933333333333334   5.826710577556359
4.933333333333334   5.005484308938166
4.933333333333334   5.832150864745177
4.933333333333334   5.833560317165527
4.933333333333334   5.836285618413552
4.933333333333334   5.951848322689227
4.933333333333334   5.8327241636213465
4.933333333333334   5.833416926197881
4.933333333333334   4.998311020723277
4.933333333333334   5.834731393322205
4.933333333333334   5.8281651496053515
4.933333333333334   5.838199531024395
4.933333333333334   5.829262467888922
4.933333333333334   5.840043017156244
4.933333333333334   5.830789826195283
4.933333333333334   5.001218847045246
4.933333333333334   5.832007543058397
4.933333333333334   5.836548688005682
4.933333333333334   5.832724163621761
4.933333333333334   5.832867462209249
4.933333333333334   5.826805970480951
4.933333333333334   5.839875336881874
4.933333333333334   5.832341951848302
4.933333333333334   5.101797491821561
4.933333333333334   5.83535300736285
4.933333333333334   5.83351253883835
4.933333333333334   5.832986912240675
4.933333333333334   5.833966552062974
4.933333333333334   5.8331541388382
4.933333333333334   5.833130223739048
4.933333333333334   4.994241639389844
4.933333333333334   5.840809452616201
4.933333333333334   5.831601580927861
4.933333333333334   5.8351378497135284
4.933333333333334   5.8336558761665955
4.933333333333334   5.8322702854284305
4.933333333333334   5.8337514966407245
4.933333333333334   5.83255690335827
4.933333333333334   5.000891058768953
4.933333333333334   5.83289131682916
4.933333333333334   5.827378160769621
4.933333333333334   5.959918302938553
4.933333333333334   5.833488679136573
4.933333333333334   5.833130223739048
4.933333333333334   5.834396768832616
4.933333333333334   4.99847471544057
4.933333333333334   5.835018311570985
4.933333333333334   5.8331541388382
4.933333333333334   5.8343728435427735
4.933333333333334   5.834133834836844
4.933333333333334   5.823827565504422
4.933333333333334   5.8405698577928735
4.933333333333334   5.001218847045246
4.933333333333334   5.831577736855545
4.933333333333334   5.833273600611612
4.933333333333334   5.8236846526011155
4.933333333333334   5.842894177934672
4.933333333333334   5.953092286163095
4.933333333333334   5.832963056838436
4.933333333333334   5.002571521865236
4.933333333333334   5.8294055964306555
4.933333333333334   5.8357833702653314
4.933333333333334   5.834635799082864
4.933333333333334   5.8311001968910725
4.933333333333334   5.831004721597461
4.933333333333334   5.832652429489071
4.933333333333334   5.005607481725073
4.933333333333334   5.8336797955765824
4.933333333333334   5.832962998512711
4.933333333333334   5.831386699824816
4.933333333333334   5.82811740138406
4.933333333333334   5.841360472480805
4.933333333333334   5.831195675310894
4.933333333333334   5.101285826024371
4.933333333333334   5.834540207975009
4.933333333333334   5.827902776968
4.933333333333334   5.839755604559416
4.933333333333334   5.83305859627343
4.933333333333334   5.833297458554021
4.933333333333334   5.833608154613563
4.933333333333334   5.830336307257626
4.933333333333334   5.0017106350544935
4.933333333333334   5.835448625105203
4.933333333333334   5.833106367164583
4.933333333333334   5.833942630301816
4.933333333333334   5.832509141466449
4.933333333333334   5.834014396173835
4.933333333333334   5.834301127204713
4.933333333333334   4.997819900980762
4.933333333333334   5.836357325154483
4.933333333333334   5.940155929635852
4.933333333333334   5.844596630838679
4.933333333333334   5.83129121514979
4.933333333333334   5.835400757467639
4.933333333333334   5.833799278881865
4.933333333333334   5.000174106062496
4.933333333333334   5.832700252047731
4.933333333333334   5.833632015292691
4.933333333333334   5.834014337827083
4.933333333333334   5.834325051905547
4.933333333333334   5.8234227413407975
4.933333333333334   5.841935466469189
4.933333333333334   4.998433790755978
4.933333333333334   5.836142093438528
4.933333333333334   5.834038260176312
4.933333333333334   5.831147935710146
4.933333333333334   5.833464761294213
4.933333333333334   5.953366052216684
4.933333333333334   5.833249684532899
4.933333333333334   5.8334647612946275
4.933333333333334   5.82685363901255
4.933333333333334   5.005751107447224
4.933333333333334   5.833655934506592
4.933333333333334   5.833273600611612
4.933333333333334   5.834277261051274
4.933333333333334   5.832413620029871
4.933333333333334   5.833273600611612
4.933333333333334   5.832461380356851
4.933333333333334   5.002263974652404
4.933333333333334   5.83410997005247
4.933333333333334   5.823041747579176
4.933333333333334   5.843589417119135
4.933333333333334   5.831052458853656
4.933333333333334   5.952644448009535
4.933333333333334   5.834444561644787
4.933333333333334   5.000092151698271
4.933333333333334   5.83262857682223
4.933333333333334   5.834803120239376
4.933333333333334   5.833249684532899
4.933333333333334   5.8344206943182675
4.933333333333334   5.825733372861434
4.933333333333334   5.839659845620636
4.933333333333334   5.000378878707473
4.933333333333334   5.8332019696248025
4.933333333333334   5.83470746528871
4.933333333333334   5.830193133010007
4.933333333333334   5.833440843647983
4.933333333333334   5.835544245982009
4.933333333333334   5.833297516886435
4.933333333333334   5.102607882677866
4.933333333333334   5.824589750429584
4.933333333333334   5.839228852352027
4.933333333333334   5.836381266722014
4.933333333333334   5.829882858864734
4.933333333333334   5.836955339229939
4.933333333333334   5.832079203021264
4.933333333333334   4.997799418938051
4.933333333333334   5.837170689344642
4.933333333333334   5.83410997005247
4.933333333333334   5.83258075543848
4.933333333333334   5.828880709647947
4.933333333333334   5.838103881539233
4.933333333333334   5.835161722907454
4.933333333333334   4.998720327596027
4.933333333333334   5.833894904056753
4.933333333333334   5.95251998624076
4.933333333333334   5.829978355689062
4.933333333333334   5.836835726611103
4.933333333333334   5.833416926197881
4.933333333333334   5.833847120249154
4.933333333333334   5.824351484422198
4.933333333333334   5.008010111853618
4.933333333333334   5.831768786403067
4.933333333333334   5.8358072487424035
4.933333333333334   5.828188965778686
4.933333333333334   5.839013467244168
4.933333333333334   5.827497327859637
4.933333333333334   5.839492245804969
4.933333333333334   4.997594807546928
4.933333333333334   5.836070333598348
4.933333333333334   5.944594140647649
4.933333333333334   5.837864567053253
4.933333333333334   5.836166033240679
4.933333333333334   5.8344206359633874
4.933333333333334   5.8331302237386335
4.933333333333334   4.997860815613838
4.933333333333334   5.822446580940753
4.933333333333334   5.8460361267726535
4.933333333333334   5.826519859275337
4.933333333333334   5.838869808073823
4.933333333333334   5.824113354205636
4.933333333333334   5.84330171389249
4.933333333333334   5.001218797020685
4.933333333333334   5.831052458853656
4.933333333333334   5.836046452968709
4.933333333333334   5.9513012163031815
4.933333333333334   5.831506089215308
4.933333333333334   5.836811839717239
4.933333333333334   5.833058537945794
4.933333333333334   4.999518796315932
4.933333333333334   5.822875100280454
4.933333333333334   5.844140903105551
4.933333333333334   5.833178054133451
4.933333333333334   5.83410997005247
4.933333333333334   5.83129121514979
4.933333333333334   5.834970450992775
4.933333333333334   5.83305859627343
4.933333333333334   5.000071651026754
4.933333333333334   5.8335125388387645
4.933333333333334   5.833870982883165
4.933333333333334   5.9525697946205955
4.933333333333334   5.833536398735306
4.933333333333334   5.833966552062974
4.933333333333334   5.832939143306072
4.933333333333334   4.999764511091511
4.933333333333334   5.833966552062974
4.933333333333334   5.8323658021704645
4.933333333333334   5.8338231994670116
4.933333333333334   5.833823199467426
4.933333333333334   5.834014337827083
4.933333333333334   5.828069712173038
4.933333333333334   5.838558609746692
4.933333333333334   4.9996621228334215
4.933333333333334   5.833894845712391
4.933333333333334   5.9530176822927325
4.933333333333334   5.832962998512711
4.933333333333334   5.829501019362906
4.933333333333334   5.836046452969124
4.933333333333334   5.833966552062559
4.933333333333334   5.000583768149356
4.933333333333334   5.833942630301401
4.933333333333334   5.831768786403482
4.933333333333334   5.836333442175694
4.933333333333334   5.833034681957692
4.933333333333334   5.834062124374021
4.933333333333334   5.831864286719704
4.933333333333334   4.9991093086944085
4.933333333333334   5.831697134068256
4.933333333333334   5.837792764848401
4.933333333333334   5.830026076140952
4.933333333333334   5.954784862572033
4.933333333333334   5.831649386256785
4.933333333333334   5.8353051412935395
4.933333333333334   4.999641625688389
4.933333333333334   5.833608154613149
4.933333333333334   5.833201911294299
4.933333333333334   5.830742093240008
4.933333333333334   5.836046452968709
4.933333333333334   5.833273600611612
4.933333333333334   5.833966552062974
4.933333333333334   5.000153604718585
4.933333333333334   5.831529990999207
4.933333333333334   5.834492355239545
4.933333333333334   5.831529990998793
4.933333333333334   5.8315538346806655
4.933333333333334   5.839180981127073
4.933333333333334   5.948815365995258
4.933333333333334   4.999559738769495
4.933333333333334   5.838175632966676
4.933333333333334   5.829906747343669
4.933333333333334   5.834444561644787
4.933333333333334   5.835113859976205
4.933333333333334   5.834396768832616
4.933333333333334   5.831601639226363
4.933333333333334   5.833369150220309
4.933333333333334   4.994364209594711
4.933333333333334   5.839564089821854
4.933333333333334   5.83117183455735
4.933333333333334   5.836046452969124
4.933333333333334   5.833942630300986
4.933333333333334   5.833799278882279
4.933333333333334   5.950828757638865
4.933333333333334   5.000911516142242
4.933333333333334   5.834611871833003
4.933333333333334   5.83427726105086
4.933333333333334   5.831888133134951
4.933333333333334   5.8277358513254285
4.933333333333334   5.82795046344751
4.933333333333334   5.8436853049772415
4.933333333333334   5.000891058768597
4.933333333333334   5.830264690118738
4.933333333333334   5.835974695480441
4.933333333333334   5.83449235523996
4.933333333333334   5.8330346819581065
4.933333333333334   5.829715819775569
4.933333333333334   5.83870225360302
4.933333333333334   5.099964454267759
4.933333333333334   5.834205547062573
4.933333333333334   5.828141275396908
4.933333333333334   5.8337514966407245
4.933333333333334   5.83882188429275
4.933333333333334   5.831434501631172
4.933333333333334   5.837027120835401
4.933333333333334   4.9976357184949745
4.933333333333334   5.835687741552292
4.933333333333334   5.833679795576169
4.933333333333334   5.830145351553467
4.933333333333334   5.836835726611103
4.933333333333334   5.83258081375739
4.933333333333334   5.834301185556373
4.933333333333334   4.9948137849514165
4.933333333333334   5.9466543242659045
4.933333333333334   5.84421292010564
4.933333333333334   5.83485091970911
4.933333333333334   5.8330346819581065
4.933333333333334   5.831052458853241
4.933333333333334   5.834994322816967
4.933333333333334   5.000788624366573
4.933333333333334   5.827306616284426
4.933333333333334   5.8369313929519375
4.933333333333334   5.834874848919645
4.933333333333334   5.832365860484247
4.933333333333334   5.834970450992775
4.933333333333334   5.832939084980826
4.933333333333334   5.83391876708126
4.933333333333334   4.9998874025359
4.933333333333334   5.833201911294299
4.933333333333334   5.952669292392028
4.933333333333334   5.833870982883165
4.933333333333334   5.8336558761665955
4.933333333333334   5.829334060408225
4.933333333333334   5.836405150091799
4.933333333333334   5.8342294709799365
4.933333333333334   4.9997645110918665
4.933333333333334   5.833894845711977
4.933333333333334   5.833106367164583
4.933333333333334   5.833106367164583
4.933333333333334   5.835089987173916
4.933333333333334   5.8311718345581784
4.933333333333334   5.834157758165664
4.933333333333334   4.9969196988212055
4.933333333333334   5.957350476885515
4.933333333333334   5.832819695230664
4.933333333333334   5.832413620029871
4.933333333333334   5.833225826981276
4.933333333333334   5.833584235791888
4.933333333333334   5.83473139332179
4.933333333333334   5.001136858431194
4.933333333333334   5.832533051472729
4.933333333333334   5.833727576643168
4.933333333333334   5.834420635962973
4.933333333333334   5.832604724351721
4.933333333333334   5.833966552062145
4.933333333333334   5.833823199467841
4.933333333333334   4.99900689728995
4.933333333333334   5.834731451683301
4.933333333333334   5.829668046142751
4.933333333333334   5.955780974038092
4.933333333333334   5.829310176621477
4.933333333333334   5.837338155922468
4.933333333333334   5.8312673153231955
4.933333333333334   5.002100031656709
4.933333333333334   5.832843607783623
4.933333333333334   5.832055296735863
4.933333333333334   5.835472559218479
4.933333333333334   5.832246377575646
4.933333333333334   5.833942688647548
4.933333333333334   5.834468487522
4.933333333333334   4.995631420235808
4.933333333333334   5.838438931410531
4.933333333333334   5.832795782873769
4.933333333333334   5.831076298629831
4.933333333333334   5.9548844951983435
4.933333333333334   5.8337276349846
4.933333333333334   5.833823141123669
4.933333333333334   5.000788574350618
4.933333333333334   5.832819695230664
4.933333333333334   5.833703715182721
4.933333333333334   5.8279265909970634
4.933333333333334   5.83858256937763
4.933333333333334   5.833727576643168
4.933333333333334   5.833416984533098
4.933333333333334   5.8334647029580395
4.933333333333334   4.997799418938051
4.933333333333334   5.8356159928852325
4.933333333333334   5.8341577581664925
4.933333333333334   5.831649386255957
4.933333333333334   5.833560317165113
4.933333333333334   5.944618917878056
4.933333333333334   5.840498047503059
4.933333333333334   5.000583768149001
4.933333333333334   5.833297458554021
4.933333333333334   5.8347313933226195
4.933333333333334   5.832628576821815
4.933333333333334   5.833393067278643
4.933333333333334   5.833847120249568
4.933333333333334   5.832222528230614
4.933333333333334   4.999436863431574
4.933333333333334   5.831864286719704
4.933333333333334   5.835807307124608
4.933333333333334   5.833966552062974
4.933333333333334   5.833082452457143
4.933333333333334   5.833942688646719
4.933333333333334   5.833608096274936
4.933333333333334   5.102074708679666
4.933333333333334   5.832939143306487
4.933333333333334   5.831649386256785
4.933333333333334   5.8336558761665955
4.933333333333334   5.833058596273015
4.933333333333334   5.835472500842971
4.933333333333334   5.831577736855545
4.933333333333334   5.002120548964661
4.933333333333334   5.833273600611197
4.933333333333334   5.833870982883165
4.933333333333334   5.831529990999207
4.933333333333334   5.83671611889444
4.933333333333334   5.829143170348294
4.933333333333334   5.8367878946162275
4.933333333333334   4.997267444188686
4.933333333333334   5.834253395094335
4.933333333333334   5.953515340053896
4.933333333333334   5.8329391433056585
4.933333333333334   5.8357833702653314
4.933333333333334   5.831529990999207
4.933333333333334   5.832270285428844
4.933333333333334   5.836859613700065
4.933333333333334   4.998658959774413
4.933333333333334   5.832127016181283
4.933333333333334   5.835855123049101
4.933333333333334   5.831935943161695
4.933333333333334   5.835018253204565
4.933333333333334   5.831816536170207
4.933333333333334   5.8343489184491535
4.933333333333334   5.8342056054135645
4.933333333333334   4.999559688778474
4.933333333333334   5.835185654667737
4.933333333333334   5.952146814360751
4.933333333333334   5.833225826981276
4.933333333333334   5.832771929035255
4.933333333333334   5.832246377575646
4.933333333333334   5.833990474020313
4.933333333333334   4.999539242463231
4.933333333333334   5.8341577581664925
4.933333333333334   5.831553892978627
4.933333333333334   5.835018253203736
4.933333333333334   5.834946520998094
4.933333333333334   5.831386758119436
4.933333333333334   5.8353051412935395
4.933333333333334   4.99845427799932
4.933333333333334   5.833273600611197
4.933333333333334   5.832365802170878
4.933333333333334   5.832150923055075
4.933333333333334   5.957126228930956
4.933333333333334   5.834181623341415
4.933333333333334   5.829501077620659
4.933333333333334   5.0028175368078855
4.933333333333334   5.83148218762817
4.933333333333334   5.832795782873769
4.933333333333334   5.835568180879257
4.933333333333334   5.830312473531818
4.933333333333334   5.836213855043436
4.933333333333334   5.832509141466863
4.933333333333334   5.00123930710007
4.933333333333334   5.834014337827497
4.933333333333334   5.832485289971959
4.933333333333334   5.832724105300813
4.933333333333334   5.834779249979216
4.933333333333334   5.832294135163632
4.933333333333334   5.952470300175282
4.933333333333334   4.996756056000996
4.933333333333334   5.8390613357225005
4.933333333333334   5.830145351553467
4.933333333333334   5.836476976562867
4.933333333333334   5.833608096274107
4.933333333333334   5.832915229970201
4.933333333333334   5.833560317165113
4.933333333333334   4.999006947269562
4.933333333333334   5.834994381183738
4.933333333333334   5.832509141466863
4.933333333333334   5.82785503304483
4.933333333333334   5.838175691397109
4.933333333333334   5.833464702958869
4.933333333333334   5.834468487522
4.933333333333334   5.831983695666615
4.933333333333334   5.102821183480436
4.933333333333334   5.833154138837785
4.933333333333334   5.834827049058267
4.933333333333334   5.833010767837625
4.933333333333334   5.834277261051689
4.933333333333334   5.832819695230664
4.933333333333334   5.833273600612026
4.933333333333334   4.9993549832199085
4.933333333333334   5.834181623341415
4.933333333333334   5.834014396173835
4.933333333333334   5.832676340670169
4.933333333333334   5.8337514966407245
4.933333333333334   5.833966552062974
4.933333333333334   5.8327480170700055
4.933333333333334   5.000624678034875
4.933333333333334   5.8317687864026535
4.933333333333334   5.951301216303613
4.933333333333334   5.83518559629714
4.933333333333334   5.8338231994670116
4.933333333333334   5.834420635963802
4.933333333333334   5.830909249430321
4.933333333333334   5.001710585020449
4.933333333333334   5.833082510785672
4.933333333333334   5.833106367164583
4.933333333333334   5.83379927888145
4.933333333333334   5.830694361065417
4.933333333333334   5.8365486880052675
4.933333333333334   5.832795782874599
4.933333333333334   4.998351943396815
4.933333333333334   5.837768811699211
4.933333333333334   5.831052458853241
4.933333333333334   5.834086047115149
4.933333333333334   5.952594699123529
4.933333333333334   5.83112403705801
4.933333333333334   5.8375534758672805
4.933333333333334   4.9991502444414015
4.933333333333334   5.832819695231493
4.933333333333334   5.832652487808586
4.933333333333334   5.8321269578718615
4.933333333333334   5.837457789133854
4.933333333333334   5.831219574549835
4.933333333333334   5.8353051412935395
4.933333333333334   5.831601639227191
4.933333333333334   5.832915229969372
4.933333333333334   5.001649143755945
4.933333333333334   5.830097687417393
4.933333333333334   5.836572572745717
4.933333333333334   5.834062182721314
4.933333333333334   5.8326524294886575
4.933333333333334   5.953366052217116
4.933333333333334   5.830264748390927
4.933333333333334   5.001690121108748
4.933333333333334   5.833823199467841
4.933333333333334   5.832437470937772
4.933333333333334   5.833847061904918
4.933333333333334   5.833178054133865
4.933333333333334   5.833870982883165
4.933333333333334   5.833154138837785
4.933333333333334   4.998003997124333
4.933333333333334   5.836285618412722
4.933333333333334   5.833966552062974
4.933333333333334   5.83449235523996
4.933333333333334   5.833679853916643
4.933333333333334   5.831291156857494
4.933333333333334   5.834444561644372
4.933333333333334   5.101307165069185
4.933333333333334   5.831386758120264
4.933333333333334   5.835424691188257
4.933333333333334   5.8342294709799365
4.933333333333334   5.833297458554021
4.933333333333334   5.834133893185986
4.933333333333334   5.834420635962973
4.933333333333334   5.0001331035435
4.933333333333334   5.832580813756561
4.933333333333334   5.834253395093507
4.933333333333334   5.832150864746006
4.933333333333334   5.829071582517689
4.933333333333334   5.833870924538867
4.933333333333334   5.837577427250642
4.933333333333334   4.999293549828029
4.933333333333334   5.833655934506592
4.933333333333334   5.952146814360751
4.933333333333334   5.833918767082089
4.933333333333334   5.833321375024479
4.933333333333334   5.833655934506592
4.933333333333334   5.8329391433056585
4.933333333333334   4.997656149242984
4.933333333333334   5.835687741552292
4.933333333333334   5.832198679080631
4.933333333333334   5.8342533367415585
4.933333333333334   5.834874848919645
4.933333333333334   5.83518559629714
4.933333333333334   5.830694361065417
4.933333333333334   4.9992526117351535
4.933333333333334   5.836381266721598
4.933333333333334   5.832676340670998
4.933333333333334   5.832294193476396
4.933333333333334   5.833416926197881
4.933333333333334   5.9536398434509
4.933333333333334   5.8321031095034845
4.933333333333334   5.833584177452496
4.933333333333334   5.000911516142242
4.933333333333334   5.833847061905748
4.933333333333334   5.8337514966407245
4.933333333333334   5.831697134068256
4.933333333333334   5.832676398990576
4.933333333333334   5.835759433602418
4.933333333333334   5.832604724351721
4.933333333333334   5.00123930710007
4.933333333333334   5.832962998512711
4.933333333333334   5.829668104402185
4.933333333333334   5.8383671150764025
4.933333333333334   5.831506089215723
4.933333333333334   5.832795782873769
4.933333333333334   5.954735138688952
4.933333333333334   4.999354933233337
4.933333333333334   5.834133893185986
4.933333333333334   5.831792632037734
4.933333333333334   5.834516281509574
4.933333333333334   5.833727576643168
4.933333333333334   5.83329751688602
4.933333333333334   5.834372843543188
4.933333333333334   4.99827009871911
4.933333333333334   5.835209469881758
4.933333333333334   5.831625541793124
4.933333333333334   5.835066056198759
4.933333333333334   5.832915229970201
4.933333333333334   5.830718256195238
4.933333333333334   5.83662045961003
4.933333333333334   5.101541646093418
4.933333333333334   5.83358423579106
4.933333333333334   5.83348862080075
4.933333333333334   5.834540207975424
4.933333333333334   5.833201911294299
4.933333333333334   5.831434443335597
4.933333333333334   5.834516281508744
4.933333333333334   5.8341577581664925
4.933333333333334   4.9990888160818665
4.933333333333334   5.833536457072084
4.933333333333334   5.8349943228177965
4.933333333333334   5.831052458853241
4.933333333333334   5.834994381183738
4.933333333333334   5.8330346819581065
4.933333333333334   5.830622735129564
4.933333333333334   5.835520369657565
4.933333333333334   5.102330607879203
4.933333333333334   5.83372763498377
4.933333333333334   5.830407926156811
4.933333333333334   5.837577368832184
4.933333333333334   5.831864286719704
4.933333333333334   5.834874848919645
4.933333333333334   5.834014337826669
4.933333333333334   4.998740867162609
4.933333333333334   5.83449235523996
4.933333333333334   5.832915229969372
4.933333333333334   5.833106367164583
4.933333333333334   5.834301127205128
4.933333333333334   5.829477192465297
4.933333333333334   5.835376882316939
4.933333333333334   5.002161534042086
4.933333333333334   5.953415813997196
4.933333333333334   5.831721037418682
4.933333333333334   5.834922649564198
4.933333333333334   5.832939084980826
4.933333333333334   5.834157758165664
4.933333333333334   5.830670524411747
4.933333333333334   5.001280277738438
4.933333333333334   5.827402028726464
4.933333333333334   5.839133110687029
4.933333333333334   5.833942630300986
4.933333333333334   5.83258081375739
4.933333333333334   5.834062182721314
4.933333333333334   5.833775358492052
4.933333333333334   4.999395922990837
4.933333333333334   5.833847061905748
4.933333333333334   5.952544951068201
4.933333333333334   5.833464702958869
4.933333333333334   5.82716359079519
4.933333333333334   5.839875336881459
4.933333333333334   5.832533051473558
4.933333333333334   5.000194557570096
4.933333333333334   5.834277261051689
4.933333333333334   5.834755321552787
4.933333333333334   5.831697134068256
4.933333333333334   5.833727576643168
4.933333333333334   5.833225826981276
4.933333333333334   5.834133834836429
4.933333333333334   4.987711774501481
4.933333333333334   5.8482206808629895
4.933333333333334   5.831601580927447
4.933333333333334   5.9550587843254705
4.933333333333334   5.833536457072084
4.933333333333334   5.833560317165942
4.933333333333334   5.832915229969372
4.933333333333334   5.83379927888145
4.933333333333334   5.000419885258149
4.933333333333334   5.833440843647983
4.933333333333334   5.82842748763237
4.933333333333334   5.834587944779388
4.933333333333334   5.836668347260136
4.933333333333334   5.833010767837625
4.933333333333334   5.832318043408375
4.933333333333334   5.00087055154615
4.933333333333334   5.8311479357097316
4.933333333333334   5.8344206943182675
4.933333333333334   5.953366052216252
4.933333333333334   5.834133834837258
4.933333333333334   5.830360199453221
4.933333333333334   5.836572572744887
4.933333333333334   4.99827009871911
4.933333333333334   5.835472500842971
4.933333333333334   5.831935943161695
4.933333333333334   5.8340621827221435
4.933333333333334   5.8337514966407245
4.933333333333334   5.8346835958107786
4.933333333333334   5.832771870712938
4.933333333333334   4.998413353649031
4.933333333333334   5.828475182699131
4.933333333333334   5.840617810272332
4.933333333333334   5.834301127204299
4.933333333333334   5.830407926156811
4.933333333333334   5.955432321438864
4.933333333333334   5.833727576643168
4.933333333333334   4.998392866741517
4.933333333333334   5.8343011855572025
4.933333333333334   5.832939084980826
4.933333333333334   5.831267373615428
4.933333333333334   5.828833007944452
4.933333333333334   5.838534650311569
4.933333333333334   5.831219574549835
4.933333333333334   5.0037813575718415
4.933333333333334   5.83289131682999
4.933333333333334   5.834611871832174
4.933333333333334   5.833106367164583
4.933333333333334   5.832055355043852
4.933333333333334   5.832485289971959
4.933333333333334   5.83518559629714
4.933333333333334   5.098516024905979
4.933333333333334   5.836692232979954
4.933333333333334   5.834540149617739
4.933333333333334   5.832031507260228
4.933333333333334   5.833345233357268
4.933333333333334   5.835544304359367
4.933333333333334   5.83258081375739
4.933333333333334   5.832939084979997
4.933333333333334   5.0019565653301985
4.933333333333334   5.833560317165113
4.933333333333334   5.82466122821712
4.933333333333334   5.8400190455370184
4.933333333333334   5.8328435494607005
4.933333333333334   5.835042183786791
4.933333333333334   5.832652487808586
4.933333333333334   5.834564076280178
4.933333333333334   5.101456387236094
4.933333333333334   5.835161664536921
4.933333333333334   5.831529990999207
4.933333333333334   5.83410997005247
4.933333333333334   5.827783535073247
4.933333333333334   5.834659668168897
4.933333333333334   5.837338155921637
4.933333333333334   4.99996925018916
4.933333333333334   5.833560375503199
4.933333333333334   5.834205547062573
4.933333333333334   5.831888133134951
4.933333333333334   5.834588003138029
4.933333333333334   5.833345291691052
4.933333333333334   5.834086047115149
4.933333333333334   4.997574327348416
4.933333333333334   5.831219574549835
4.933333333333334   5.8397316937616095
4.933333333333334   5.952669292392028
4.933333333333334   5.832127016181283
4.933333333333334   5.8347313933226195
4.933333333333334   5.83076598876106
4.933333333333334   5.00134175996708
4.933333333333334   5.833130282068118
4.933333333333334   5.834086047115149
4.933333333333334   5.827568877027429
4.933333333333334   5.83485091970911
4.933333333333334   5.83784067173773
4.933333333333334   5.832389711001535
4.933333333333334   5.833584177453326
4.933333333333334   4.999498300345719
4.933333333333334   5.834325051905547
4.933333333333334   5.835089987173916
4.933333333333334   5.830264748390927
4.933333333333334   5.835855123049101
4.933333333333334   5.828833007944452
4.933333333333334   5.956976699118653
4.933333333333334   5.000337972843942
4.933333333333334   5.832795782873769
4.933333333333334   5.832915229969372
4.933333333333334   5.834277261051689
4.933333333333334   5.831219574549835
4.933333333333334   5.835520369657565
4.933333333333334   5.834277202699264
4.933333333333334   4.998740867162609
4.933333333333334   5.828141217167159
4.933333333333334   5.83908524103146
4.933333333333334   5.8327480170700055
4.933333333333334   5.834014396173835
4.933333333333334   5.834587944779388
4.933333333333334   5.832986912240675
4.933333333333334   4.999805457569643
4.933333333333334   5.835018253203736
4.933333333333334   5.833584235791888
4.933333333333334   5.950480623889936
4.933333333333334   5.821875358658927
4.933333333333334   5.843325712468188
4.933333333333334   5.835950757247986
4.933333333333334   5.000460842470573
4.933333333333334   5.8327480170700055
4.933333333333334   5.833608096274936
4.933333333333334   5.830646629673147
4.933333333333334   5.833775358492052
4.933333333333334   5.836859672104158
4.933333333333334   5.833464761294213
4.933333333333334   4.994589012102225
4.933333333333334   5.836022514147161
4.933333333333334   5.83485091970911
4.933333333333334   5.834827049058267
4.933333333333334   5.8327480170700055
4.933333333333334   5.9531918014028635
4.933333333333334   5.832628576821815
4.933333333333334   5.8338949040575825
4.933333333333334   5.000993447347826
4.933333333333334   5.832915229970201
4.933333333333334   5.828308224265168
4.933333333333334   5.838103823109822
4.933333333333334   5.834181681691928
4.933333333333334   5.832915229970201
4.933333333333334   5.833655934505764
4.933333333333334   5.833201911294299
4.933333333333334   4.9992321179466614
4.933333333333334   5.8347313933226195
4.933333333333334   5.8340621827221435
4.933333333333334   5.83289131682916
4.933333333333334   5.82592403965853
4.933333333333334   5.957948655399023
4.933333333333334   5.83504218378762
4.933333333333334   4.999293549828029
4.933333333333334   5.835472500842971
4.933333333333334   5.8311001968910725
4.933333333333334   5.834922649564198
4.933333333333334   5.835448625106032
4.933333333333334   5.832986912240675
4.933333333333334   5.833321375024479
4.933333333333334   4.993158972754391
4.933333333333334   5.838630372352036
4.933333333333334   5.83270025204856
4.933333333333334   5.837744917167149
4.933333333333334   5.8329391433056585
4.933333333333334   5.833966552062974
4.933333333333334   5.8311479357097316
4.933333333333334   5.101605618133278
4.933333333333334   5.834372901896697
4.933333333333334   5.833440843647983
4.933333333333334   5.826019348643431
4.933333333333334   5.840330341098649
4.933333333333334   5.82950107761983
4.933333333333334   5.83662045961003
4.933333333333334   5.000850044490469
4.933333333333334   5.834922649564198
4.933333333333334   5.831434443335597
4.933333333333334   5.834086047115149
4.933333333333334   5.834396768832616
4.933333333333334   5.8330346819581065
4.933333333333334   5.826615245953991
4.933333333333334   5.005484308938522
4.933333333333334   5.9487159363523565
4.933333333333334   5.8376970702698125
4.933333333333334   5.8331063088355775
4.933333333333334   5.834109970053299
4.933333333333334   5.831912038050336
4.933333333333334   5.833655934506592
4.933333333333334   5.833990474020313
4.933333333333334   4.998597543487077
4.933333333333334   5.829715761514353
4.933333333333334   5.838295358941849
4.933333333333334   5.8328435494607005
4.933333333333334   5.8345640762793485
4.933333333333334   5.831983695666615
4.933333333333334   5.836979285704423
4.933333333333334   4.99855661679153
4.933333333333334   5.83518559629714
4.933333333333334   5.952072234185142
4.933333333333334   5.8337514966407245
4.933333333333334   5.82199435890015
4.933333333333334   5.841743808729349
4.933333333333334   5.833655876167425
4.933333333333334   4.9992321179466614
4.933333333333334   5.833775416834439
4.933333333333334   5.836979285704423
4.933333333333334   5.832580755438065
4.933333333333334   5.831291215150204
4.933333333333334   5.836094272811786
4.933333333333334   5.8308137221075755
4.933333333333334   4.99691974875909
4.933333333333334   5.838127779009537
4.933333333333334   5.835066056198759
4.933333333333334   5.952569794621027
4.933333333333334   5.834086047115149
4.933333333333334   5.833154138837785
4.933333333333334   5.832915229969372
4.933333333333334   5.000891058769308
4.933333333333334   5.831935884856095
4.933333333333334   5.8344206943182675
4.933333333333334   5.828379793347017
4.933333333333334   5.837673117906322
4.933333333333334   5.833034681957277
4.933333333333334   5.831028560984126
4.933333333333334   5.003535247829729
4.933333333333334   5.832962998512711
4.933333333333334   5.831482245923871
4.933333333333334   5.833966552062974
4.933333333333334   5.83370365684094
4.933333333333334   5.833942688647548
4.933333333333334   5.946555027469804
4.933333333333334   5.834611871833003
4.933333333333334   5.837816659770911
4.933333333333334   5.0002355610976945
4.933333333333334   5.833249684532485
4.933333333333334   5.833393067278643
4.933333333333334   5.828045838746064
4.933333333333334   5.839707783158361
4.933333333333334   5.831673230914611
4.933333333333334   5.835209528252833
4.933333333333334   4.996347070730157
4.933333333333334   5.832604666031918
4.933333333333334   5.837960267122524
4.933333333333334   5.833632015292691
4.933333333333334   5.833058596273015
4.933333333333334   5.833679795576997
4.933333333333334   5.952271260524052
4.933333333333334   5.000317420150087
4.933333333333334   5.833106367164583
4.933333333333334   5.8338949040575825
4.933333333333334   5.827068186160022
4.933333333333334   5.83987533688312
4.933333333333334   5.833966552062145
4.933333333333334   5.831840440499471
4.933333333333334   5.001300788321383
4.933333333333334   5.834325051906377
4.933333333333334   5.829668104403013
4.933333333333334   5.832604666031918
4.933333333333334   5.835544245981594
4.933333333333334   5.835711677627086
4.933333333333334   5.830503381907314
4.933333333333334   5.001792592447077
4.933333333333334   5.953092346916415
4.933333333333334   5.829930577752866
4.933333333333334   5.836285560021776
4.933333333333334   5.8337276349829414
4.933333333333334   5.83322576865071
4.933333333333334   5.833440901983679
4.933333333333334   4.996776529493091
4.933333333333334   5.837242417835967
4.933333333333334   5.8209949196612225
4.933333333333334   5.8464200769621595
4.933333333333334   5.8321031095034845
4.933333333333334   5.8302885817269585
4.933333333333334   5.837385996936497
4.933333333333334   5.000788574349907
4.933333333333334   5.8327480170700055
4.933333333333334   5.953067438248761
4.933333333333334   5.833393067278643
4.933333333333334   5.825566571468634
4.933333333333334   5.818616713383382
4.933333333333334   5.856854754872413
4.933333333333334   4.999252611734444
4.933333333333334   5.828212782147494
4.933333333333334   5.838103881537987
4.933333333333334   5.833847061906576
4.933333333333334   5.833273600612026
4.933333333333334   5.834325051904718
4.933333333333334   5.832031448953546
4.933333333333334   5.835185654666908
4.933333333333334   4.980264208993397
4.933333333333334   5.850430807838825
4.933333333333334   5.832556961676288
4.933333333333334   5.959394612548453
4.933333333333334   5.832700193727677
4.933333333333334   5.834181681691098
4.933333333333334   5.833106367164583
4.933333333333334   5.000358425692049
4.933333333333334   5.83332137502365
4.933333333333334   5.834062124374021
4.933333333333334   5.83033636553249
4.933333333333334   5.836213796652266
4.933333333333334   5.832771929034426
4.933333333333334   5.830503381907314
4.933333333333334   5.001300788322805
4.933333333333334   5.836046452967464
4.933333333333334   5.8324136200306995
4.933333333333334   5.834444561643543
4.933333333333334   5.83284354946153
4.933333333333334   5.8337514966407245
4.933333333333334   5.939065990648576
4.933333333333334   5.010785214094532
4.933333333333334   5.834707523648912
4.933333333333334   5.8342294709799365
4.933333333333334   5.830503381907314
4.933333333333334   5.834827049057438
4.933333333333334   5.834157699817288
4.933333333333334   5.833058596273015
4.933333333333334   5.830431818938972
4.933333333333334   5.0019770314208
4.933333333333334   5.8338949040575825
4.933333333333334   5.831983695666615
4.933333333333334   5.835998575523246
4.933333333333334   5.833249742863529
4.933333333333334   5.829978297423011
4.933333333333334   5.8371227934511625
4.933333333333334   5.099964506287224
4.933333333333334   5.835831185797568
4.933333333333334   5.832771929034426
4.933333333333334   5.8327480170700055
4.933333333333334   5.8305272754710025
4.933333333333334   5.836309501000112
4.933333333333334   5.833918767082089
4.933333333333334   5.834038260176727
4.933333333333334   4.997594807546573
4.933333333333334   5.836476918166432
4.933333333333334   5.832652487807757
4.933333333333334   5.833560317165942
4.933333333333334   5.833440843647154
4.933333333333334   5.83205535504468
4.933333333333334   5.835568180878427
4.933333333333334   5.100049715285593
4.933333333333334   5.835137791343473
4.933333333333334   5.834922649565027
4.933333333333334   5.8308137221075755
4.933333333333334   5.83332137502365
4.933333333333334   5.835066114567794
4.933333333333334   5.834396768832616
4.933333333333334   4.999866853545793
4.933333333333334   5.832556903357442
4.933333333333334   5.832676398990576
4.933333333333334   5.833799278882279
4.933333333333334   5.832294135164461
4.933333333333334   5.835759491984496
4.933333333333334   5.82830822426434
4.933333333333334   5.003822369871125
4.933333333333334   5.952470239433794
4.933333333333334   5.8341577581664925
4.933333333333334   5.833273600612026
4.933333333333334   5.8321031095034845
4.933333333333334   5.833010826163892
4.933333333333334   5.833847061906576
4.933333333333334   5.001895067984223
4.933333333333334   5.83329751688602
4.933333333333334   5.822684632995843
4.933333333333334   5.844140961655865
4.933333333333334   5.833464761294213
4.933333333333334   5.833799278880621
4.933333333333334   5.832915229970201
4.933333333333334   5.000153604718941
4.933333333333334   5.820067188585651
4.933333333333334   5.846996126120262
4.933333333333334   5.952694197727101
4.933333333333334   5.833799278882279
4.933333333333334   5.825066166428178
4.933333333333334   5.840162761263905
4.933333333333334   5.000112602536173
4.933333333333334   5.834707523648912
4.933333333333334   5.830670466132275
4.933333333333334   5.835042183785961
4.933333333333334   5.828165149606178
4.933333333333334   5.838343157212491
4.933333333333334   5.833918767082089
4.933333333333334   4.999047881340525
4.933333333333334   5.831959848469858
4.933333333333334   5.836931392951108
4.933333333333334   5.833369208554572
4.933333333333334   5.833966552062145
4.933333333333334   5.950331427510862
4.933333333333334   5.8337754168336104
4.933333333333334   5.834635740724097
4.933333333333334   4.998986505475779
4.933333333333334   5.833464702958869
4.933333333333334   5.83410997005247
4.933333333333334   5.8337514966407245
4.933333333333334   5.83332137502365
4.933333333333334   5.8330346819581065
4.933333333333334   5.833536457072084
4.933333333333334   5.000051200524551
4.933333333333334   5.8308853527350415
4.933333333333334   5.836118153833191
4.933333333333334   5.834683595811607
4.933333333333334   5.831983695666615
4.933333333333334   5.83358423579106
4.933333333333334   5.952146875093912
4.933333333333334   4.999948800524594
4.933333333333334   5.8338231411244985
4.933333333333334   5.834444561645202
4.933333333333334   5.830049907525701
4.933333333333334   5.836476976562037
4.933333333333334   5.831792632038563
4.933333333333334   5.834133834836429
4.933333333333334   5.0001741060617855
4.933333333333334   5.834348976803013
4.933333333333334   5.83284354946153
4.933333333333334   5.8335125388387645
4.933333333333334   5.831291215149376
4.933333333333334   5.836452975812905
4.933333333333334   5.8327480170700055
4.933333333333334   5.099985834280204
4.933333333333334   5.837003173967595
4.933333333333334   5.832341951848302
4.933333333333334   5.832891375154696
4.933333333333334   5.835687683171649
4.933333333333334   5.830956985124127
4.933333333333334   5.83358423579106
4.933333333333334   4.999477804542844
4.933333333333334   5.8353051412935395
4.933333333333334   5.83179269034047
4.933333333333334   5.83470746528871
4.933333333333334   5.833058596273015
4.933333333333334   5.833369150221139
4.933333333333334   5.834277261051689
4.933333333333334   5.000010250020901
4.933333333333334   5.833369150219481
4.933333333333334   5.833560375503199
4.933333333333334   5.951151978771072
4.933333333333334   5.834133834836429
4.933333333333334   5.832604666033576
4.933333333333334   5.831721037417025
4.933333333333334   5.835735555518295
4.933333333333334   4.999948800523173
4.933333333333334   5.8349704509936045
4.933333333333334   5.832580813756561
4.933333333333334   5.832915229970201
4.933333333333334   5.833894845711977
4.933333333333334   5.833106367164583
4.933333333333334   5.834707523648912
4.933333333333334   5.832341951848302
4.933333333333334   5.001095890143285
4.933333333333334   5.832580813756561
4.933333333333334   5.833058537944137
4.933333333333334   5.954013202573495
4.933333333333334   5.833082452456314
4.933333333333334   5.833799278882279
4.933333333333334   5.8293340021546385
4.933333333333334   5.0026740293211684
4.933333333333334   5.833106367164583
4.933333333333334   5.834850919709939
4.933333333333334   5.8327241052999845
4.933333333333334   5.831721037418682
4.933333333333334   5.835018253203736
4.933333333333334   5.833536457072084
4.933333333333334   5.000092151698982
4.933333333333334   5.834325051904718
4.933333333333334   5.828260531931663
4.933333333333334   5.836740005006088
4.933333333333334   5.834970450991945
4.933333333333334   5.948641442129837
4.933333333333334   5.837098845798343
4.933333333333334   4.9993959729782285
4.933333333333334   5.833679795576997
4.933333333333334   5.833870924538037
4.933333333333334   5.834827049059097
4.933333333333334   5.83124347398385
4.933333333333334   5.828069712173452
4.933333333333334   5.83829530050819
4.933333333333334   5.000645183242266
4.933333333333334   5.833870982883165
4.933333333333334   5.833679795575339
4.933333333333334   5.8321270161821115
4.933333333333334   5.834516223151538
4.933333333333334   5.833393067278643
4.933333333333334   5.8337514966407245
4.933333333333334   5.101435098991955
4.933333333333334   5.835066056198759
4.933333333333334   5.832485289972787
4.933333333333334   5.8331302237386335
4.933333333333334   5.832724163622175
4.933333333333334   5.8348509197082805
4.933333333333334   5.832939084980826
4.933333333333334   5.832031507260228
4.933333333333334   5.001280277738438
4.933333333333334   5.829668104403013
4.933333333333334   5.838606470767402
4.933333333333334   5.833010767837625
4.933333333333334   5.832318101721616
4.933333333333334   5.833799278880621
4.933333333333334   5.833082452457972
4.933333333333334   4.9989455224315575
4.933333333333334   5.834898719961594
4.933333333333334   5.950356313286117
4.933333333333334   5.835448625106032
4.933333333333334   5.833273600610369
4.933333333333334   5.8341577581664925
4.933333333333334   5.833297516887678
4.933333333333334   4.999436863430863
4.933333333333334   5.833010767837625
4.933333333333334   5.833655934507422
4.933333333333334   5.834468487522
4.933333333333334   5.832939084980826
4.933333333333334   5.833201969625216
4.933333333333334   5.834372843542359
4.933333333333334   5.000133103542789
4.933333333333334   5.832724163622175
4.933333333333334   5.833512480500806
4.933333333333334   5.832676398990576
4.933333333333334   5.953614869438298
4.933333333333334   5.830956985124127
4.933333333333334   5.8356638056738515
4.933333333333334   5.832819695230664
4.933333333333334   5.000440338777065
4.933333333333334   5.834396768832616
4.933333333333334   5.831888191438768
4.933333333333334   5.835998575523246
4.933333333333334   5.833249742863529
4.933333333333334   5.831649327956915
4.933333333333334   5.833942688648377
4.933333333333334   5.832962998511881
4.933333333333334   5.000911516142242
4.933333333333334   5.832437470936943
4.933333333333334   5.8338949040575825
4.933333333333334   5.832604666031918
4.933333333333334   5.954087831396744
4.933333333333334   5.832652487809415
4.933333333333334   5.833393067276985
4.933333333333334   4.998167721695762
4.933333333333334   5.833679795575339
4.933333333333334   5.833130282068947
4.933333333333334   5.836572631144066
4.933333333333334   5.832556903357442
4.933333333333334   5.833297458554021
4.933333333333334   5.83504218378762
4.933333333333334   4.998311020723632
4.933333333333334   5.835998575521586
4.933333333333334   5.832843607784452
4.933333333333334   5.827711980634789
4.933333333333334   5.837027120835401
4.933333333333334   5.9539384540763844
4.933333333333334   5.833488679137402
4.933333333333334   5.000010200021226
4.933333333333334   5.832628576820986
4.933333333333334   5.832509199784756
4.933333333333334   5.83370365684011
4.933333333333334   5.835807307125439
4.933333333333334   5.8335125388387645
4.933333333333334   5.828689849278056
4.933333333333334   5.002961052528194
4.933333333333334   5.835831244181912
4.933333333333334   5.833632015292691
4.933333333333334   5.832962998511881
4.933333333333334   5.832533051472729
4.933333333333334   5.833010767837625
4.933333333333334   5.951873221155491
4.933333333333334   5.000583768149712
4.933333333333334   5.832795782872941
4.933333333333334   5.8303601994540495
4.933333333333334   5.836118153833191
4.933333333333334   5.836070333598348
4.933333333333334   5.8317687864026535
4.933333333333334   5.834014337826669
4.933333333333334   4.997512987661975
4.933333333333334   5.836285618413552
4.933333333333334   5.831410600629618
4.933333333333334   5.836476918166432
4.933333333333334   5.833536398735306
4.933333333333334   5.828880709649189
4.933333333333334   5.95555684422319
4.933333333333334   5.8348987783272825
4.933333333333334   5.000604223008622
4.933333333333334   5.832795782872941
4.933333333333334   5.833154138838615
4.933333333333334   5.832915229970201
4.933333333333334   5.831673230913783
4.933333333333334   5.836476976563697
4.933333333333334   5.832556903357442
4.933333333333334   4.998536128709621
4.933333333333334   5.833727576642339
4.933333333333334   5.834659726529803
4.933333333333334   5.833703656841768
4.933333333333334   5.832556961676288
4.933333333333334   5.8336558761665955
4.933333333333334   5.952097134523536
4.933333333333334   5.000112602536173
4.933333333333334   5.833345291691052
4.933333333333334   5.834994381183738
4.933333333333334   5.831362857510904
4.933333333333334   5.831338957096634
4.933333333333334   5.837577368831354
4.933333333333334   5.833990474020313
4.933333333333334   4.9996621228334215
4.933333333333334   5.831362799217591
4.933333333333334   5.8345402079745945
4.933333333333334   5.834444561645202
4.933333333333334   5.831219574549835
4.933333333333334   5.833034681956448
4.933333333333334   5.955581712924179
4.933333333333334   4.9989455224315575
4.933333333333334   5.83473145168413
4.933333333333334   5.83236580217005
4.933333333333334   5.833393067278643
4.933333333333334   5.833225826981276
4.933333333333334   5.8334408436488125
4.933333333333334   5.834635799082864
4.933333333333334   5.000727105721213
4.933333333333334   5.82964421787892
4.933333333333334   5.836740063405298
4.933333333333334   5.829644217880577
4.933333333333334   5.835950815633063
4.933333333333334   5.833990415674454
4.933333333333334   5.832795841196565
4.933333333333334   5.950828696930874
4.933333333333334   5.834444561645202
4.933333333333334   5.001608167074568
4.933333333333334   5.831482245923042
4.933333333333334   5.834181623341415
4.933333333333334   5.8334408436488125
4.933333333333334   5.832843607782794
4.933333333333334   5.834325051906377
4.933333333333334   5.833679795576997
4.933333333333334   4.999928301027844
4.933333333333334   5.832533051472729
4.933333333333334   5.834516281509574
4.933333333333334   5.833870924539696
4.933333333333334   5.8329391433056585
4.933333333333334   5.833393067278643
4.933333333333334   5.952296101791513
4.933333333333334   4.998433840725906
4.933333333333334   5.8365486880052675
4.933333333333334   5.834277261051689
4.933333333333334   5.833345233356439
4.933333333333334   5.832724163622175
4.933333333333334   5.832795782874599
4.933333333333334   5.832031448951889
4.933333333333334   5.000829587621169
4.933333333333334   5.833273600610369
4.933333333333334   5.834564076280178
4.933333333333334   5.829811252864827
4.933333333333334   5.83659651607965
4.933333333333334   5.8332497428651875
4.933333333333334   5.8325329931560175
4.933333333333334   5.102437296530863
4.933333333333334   5.83332137502365
4.933333333333334   5.83518559629714
4.933333333333334   5.832604724351721
4.933333333333334   5.833058537945794
4.933333333333334   5.833942688646719
4.933333333333334   5.830026017872706
4.933333333333334   5.002756068346258
4.933333333333334   5.833584177453326
4.933333333333334   5.833273600612026
4.933333333333334   5.833393067276985
4.933333333333334   5.833297516887678
4.933333333333334   5.834635799082864
4.933333333333334   5.830861456234803
4.933333333333334   5.001567191063888
4.933333333333334   5.952296101793238
4.933333333333334   5.828904589915189
4.933333333333334   5.838797922697222
4.933333333333334   5.831267373615428
4.933333333333334   5.835376882316939
4.933333333333334   5.832318043409203
4.933333333333334   5.000563263445982
4.933333333333334   5.834468487522
4.933333333333334   5.83281963690822
4.933333333333334   5.833393067276985
4.933333333333334   5.833273600612026
4.933333333333334   5.83296305683885
4.933333333333334   5.831649327956915
4.933333333333334   5.836357383547695
4.933333333333334   5.101818835148007
4.933333333333334   5.83284354946153
4.933333333333334   5.833751496639066
4.933333333333334   5.834038260176727
4.933333333333334   5.833106367164583
4.933333333333334   5.834086047115978
4.933333333333334   5.83358423579106
4.933333333333334   4.99847471543986
4.933333333333334   5.8338949040575825
4.933333333333334   5.834898719961594
4.933333333333334   5.832509141466863
4.933333333333334   5.832843549459872
4.933333333333334   5.8338231994670116
4.933333333333334   5.834205547063402
4.933333333333334   5.000460842471284
4.933333333333334   5.950207183834163
4.933333333333334   5.836333383782131
4.933333333333334   5.8321270161821115
4.933333333333334   5.832604666031918
4.933333333333334   5.8338949040575825
4.933333333333334   5.83370365684011
4.933333333333334   4.999662122834842
4.933333333333334   5.834157758164834
4.933333333333334   5.834731393323449
4.933333333333334   5.833632015292691
4.933333333333334   5.833130282067288
4.933333333333334   5.832198620770606
4.933333333333334   5.8336558761665955
4.933333333333334   4.9992321679314875
4.933333333333334   5.833560317164284
4.933333333333334   5.834874848919645
4.933333333333334   5.947200637197617
4.933333333333334   5.837505573691844
4.933333333333334   5.833130282068947
4.933333333333334   5.83475526318997
4.933333333333334   4.999764511092577
4.933333333333334   5.834062182721314
4.933333333333334   5.8325329931560175
4.933333333333334   5.8329391433056585
4.933333333333334   5.833847061906576
4.933333333333334   5.833799278880621
4.933333333333334   5.832771929036084
4.933333333333334   5.8342533367415585
4.933333333333334   5.000768117982802
4.933333333333334   5.831458344531771
4.933333333333334   5.8345880031372
4.933333333333334   5.832270285428844
4.933333333333334   5.952868358663526
4.933333333333334   5.831577736855545
4.933333333333334   5.8367878946162275
4.933333333333334   5.83377535849371
4.933333333333334   4.998884099101619
4.933333333333334   5.834014396174664
4.933333333333334   5.834611871832174
4.933333333333334   5.8327480170700055
4.933333333333334   5.832700252047731
4.933333333333334   5.832198620770606
4.933333333333334   5.833632015292691
4.933333333333334   4.997615287911878
4.933333333333334   5.836357325154483
4.933333333333334   5.834205547063402
4.933333333333334   5.833034681956448
4.933333333333334   5.95053033744611
4.933333333333334   5.834779249980045
4.933333333333334   5.833703656841768
4.933333333333334   5.000932023700661
4.933333333333334   5.832294193476396
4.933333333333334   5.83281963690822
4.933333333333334   5.83033636553249
4.933333333333334   5.839157016583691
4.933333333333334   5.8337514966407245
4.933333333333334   5.831577736855545
4.933333333333334   5.000440338775644
4.933333333333334   5.834253395094335
4.933333333333334   5.833512480500806
4.933333333333334   5.833870982883165
4.933333333333334   5.831649386257614
4.933333333333334   5.954486106259375
4.933333333333334   5.826543778399187
4.933333333333334   5.005053302015311
4.933333333333334   5.833201911295128
4.933333333333334   5.831864286719704
4.933333333333334   5.835950815633063
4.933333333333334   5.833440843647154
4.933333333333334   5.831267315324023
4.933333333333334   5.835950757247986
4.933333333333334   5.000174106063207
4.933333333333334   5.833608096274107
4.933333333333334   5.830909249431149
4.933333333333334   5.834635740722438
4.933333333333334   5.832580813758218
4.933333333333334   5.832103109501827
4.933333333333334   5.954038058382789
4.933333333333334   5.001895067984223
4.933333333333334   5.830980824120048
4.933333333333334   5.832915288294556
4.933333333333334   5.835233402032449
4.933333333333334   5.834229470981595
4.933333333333334   5.832055355043023
4.933333333333334   5.8341577581664925
4.933333333333334   5.834157699815629
4.933333333333334   4.996040338268752
4.933333333333334   5.837027120837061
4.933333333333334   5.833488679135744
4.933333333333334   5.8346118718338325
4.933333333333334   5.83267634066934
4.933333333333334   5.9534904886095585
4.933333333333334   5.831506089215723
4.933333333333334   5.001505703291216
4.933333333333334   5.8334408436488125
4.933333333333334   5.834038260175068
4.933333333333334   5.83205535504468
4.933333333333334   5.834922649563369
4.933333333333334   5.833249684534143
4.933333333333334   5.831840440497814
4.933333333333334   5.000624678034875
4.933333333333334   5.833679795576997
4.933333333333334   5.83329751688602
4.933333333333334   5.833345291691052
4.933333333333334   5.832867462209249
4.933333333333334   5.8331302237386335
4.933333333333334   5.951947857072938
4.933333333333334   5.000952481410172
4.933333333333334   5.8335125388387645
4.933333333333334   5.833966552062145
4.933333333333334   5.8332497428651875
4.933333333333334   5.8329391433056585
4.933333333333334   5.833608096275765
4.933333333333334   5.832533051472729
4.933333333333334   4.999109258712394
4.933333333333334   5.834874848919645
4.933333333333334   5.82904770088255
4.933333333333334   5.83958805770629
4.933333333333334   5.833703656841768
4.933333333333334   5.833632015291033
4.933333333333334   5.832437470938601
4.933333333333334   4.998720377570975
4.933333333333334   5.9550089950752305
4.933333333333334   5.833679795575339
4.933333333333334   5.832509141466863
4.933333333333334   5.83207920302085
4.933333333333334   5.832246435888283
4.933333333333334   5.835615992884403
4.933333333333334   5.000112652539317
4.933333333333334   5.83320191129347
4.933333333333334   5.83358423579106
4.933333333333334   5.833751438299645
4.933333333333334   5.826233892547156
4.933333333333334   5.8395879992484145
4.933333333333334   5.831529990998379
4.933333333333334   5.835879060497006
4.933333333333334   5.096281082652025
4.933333333333334   5.840282451811177
4.933333333333334   5.833201911295128
4.933333333333334   5.833942688646719
4.933333333333334   5.833225826981276
4.933333333333334   5.829238584688823
4.933333333333334   5.837673117907152
4.933333333333334   5.832867462209249
4.933333333333334   4.99722653926947
4.933333333333334   5.837051067899696
4.933333333333334   5.831864286719704
4.933333333333334   5.837170630935154
4.933333333333334   5.830049907525701
4.933333333333334   5.836118212221618
4.933333333333334   5.831959790162951
4.933333333333334   5.102117400150242
4.933333333333334   5.834086047115978
4.933333333333334   5.83382314112284
4.933333333333334   5.828236715173434
4.933333333333334   5.8374816813154755
4.933333333333334   5.828546755881417
4.933333333333334   5.839324597156743
4.933333333333334   5.000071701027659
4.933333333333334   5.833608096274107
4.933333333333334   5.832891375154696
4.933333333333334   5.832580813756561
4.933333333333334   5.835639869992593
4.933333333333334   5.833560317164284
4.933333333333334   5.820352666409976
4.933333333333334   5.112716376803215
4.933333333333334   5.831697134068256
4.933333333333334   5.837051009492603
4.933333333333334   5.832867462209249
4.933333333333334   5.8338231994670116
4.933333333333334   5.829477192466125
4.933333333333334   5.837051009490943
4.933333333333334   4.998311020723632
4.933333333333334   5.834898719961594
4.933333333333334   5.83410997005247
4.933333333333334   5.830909191145247
4.933333333333334   5.828308224265996
4.933333333333334   5.8384867904687345
4.933333333333334   5.834635799082864
4.933333333333334   5.000317470155907
4.933333333333334   5.952146814360751
4.933333333333334   5.8341816816927565
4.933333333333334   5.833560317164284
4.933333333333334   5.831243473985507
4.933333333333334   5.83518559629714
4.933333333333334   5.83217477181449
4.933333333333334   4.996306180877556
4.933333333333334   5.840042958688429
4.933333333333334   5.833799278882279
4.933333333333334   5.830670524411747
4.933333333333334   5.834803120238131
4.933333333333334   5.8321031095034845
4.933333333333334   5.8356638056738515
4.933333333333334   5.8325329931560175
4.933333333333334   5.000706649856993
4.933333333333334   5.951773749994857
4.933333333333334   5.828141275395254
4.933333333333334   5.838965541106095
4.933333333333334   5.833512538837106
4.933333333333334   5.8338231411244985
4.933333333333334   5.832341951848302
4.933333333333334   5.000522304555751
4.933333333333334   5.8336558761665955
4.933333333333334   5.834253395092677
4.933333333333334   5.831315056879936
4.933333333333334   5.833632015292691
4.933333333333334   5.825161505514796
4.933333333333334   5.8439730459793555
4.933333333333334   4.999109308695473
4.933333333333334   5.952918112123019
4.933333333333334   5.831458344531771
4.933333333333334   5.8359268775973385
4.933333333333334   5.830718256196066
4.933333333333334   5.836931392951108
4.933333333333334   5.832556961676288
4.933333333333334   4.998720327597093
4.933333333333334   5.827497386076107
4.933333333333334   5.839899307320099
4.933333333333334   5.834109970054128
4.933333333333334   5.833034681956448
4.933333333333334   5.83281963690822
4.933333333333334   5.835424749562808
4.933333333333334   4.999211624326902
4.933333333333334   5.833154197169406
4.933333333333334   5.94712612028809
4.933333333333334   5.823660815086275
4.933333333333334   5.835831244180253
4.933333333333334   5.844524662939152
4.933333333333334   5.821399406335991
4.933333333333334   5.011217208824708
4.933333333333334   5.833010826163892
4.933333333333334   5.833560317165942
4.933333333333334   5.835496435151271
4.933333333333334   5.833608096275765
4.933333333333334   5.832294193476396
4.933333333333334   5.830407926155982
4.933333333333334   4.999232117947372
4.933333333333334   5.833536457072084
4.933333333333334   5.834731393323449
4.933333333333334   5.837074956751251
4.933333333333334   5.951127086338343
4.933333333333334   5.833870982883165
4.933333333333334   5.833918767082089
4.933333333333334   5.832819695230664
4.933333333333334   5.000419885257438
4.933333333333334   5.826996649288365
4.933333333333334   5.834683595809949
4.933333333333334   5.839995074115415
4.933333333333334   5.82523299733554
4.933333333333334   5.833966552063803
4.933333333333334   5.840402205738696
4.933333333333334   5.834277261051689
4.933333333333334   4.99855661679082
4.933333333333334   5.8342533367415585
4.933333333333334   5.951823485160428
4.933333333333334   5.8288807096475335
4.933333333333334   5.834038260176727
4.933333333333334   5.837433838733053
4.933333333333334   5.833488679135744
4.933333333333334   5.000256013108021
4.933333333333334   5.8293578861366235
4.933333333333334   5.8336558761665955
4.933333333333334   5.835879060497006
4.933333333333334   5.835544245981594
4.933333333333334   5.833249684532485
4.933333333333334   5.832580813756561
4.933333333333334   4.99326109482686
4.933333333333334   5.841791663483652
4.933333333333334   5.833990474020313
4.933333333333334   5.951873221153765
4.933333333333334   5.824875613942714
4.933333333333334   5.84318184103051
4.933333333333334   5.828022023742454
4.933333333333334   5.001157367838521
4.933333333333334   5.834779191616749
4.933333333333334   5.836381266721598
4.933333333333334   5.824399170958094
4.933333333333334   5.840809394133452
4.933333333333334   5.834683595809949
4.933333333333334   5.832652487809415
4.933333333333334   4.997963130104974
4.933333333333334   5.835639869992593
4.933333333333334   5.834372843542359
4.933333333333334   5.830980882407381
4.933333333333334   5.836763949711266
4.933333333333334   5.950331488206982
4.933333333333334   5.8259954920107955
4.933333333333334   5.007250047416277
4.933333333333334   5.834325051906377
4.933333333333334   5.834468487522
4.933333333333334   5.830407926155982
4.933333333333334   5.8355920575953615
4.933333333333334   5.834181623341415
4.933333333333334   5.8315299910000356
4.933333333333334   5.000194557569386
4.933333333333334   5.833560375503199
4.933333333333334   5.827783476851473
4.933333333333334   5.8389416367739075
4.933333333333334   5.833679795576997
4.933333333333334   5.833894845711977
4.933333333333334   5.9521219743393425
4.933333333333334   5.833632015292691
4.933333333333334   4.99955973876914
4.933333333333334   5.832628576822644
4.933333333333334   5.8362138550442655
4.933333333333334   5.83289131682916
4.933333333333334   5.829596503677627
4.933333333333334   5.8372424762485515
4.933333333333334   5.8331541388369565
4.933333333333334   4.999805457569643
4.933333333333334   5.834325051906377
4.933333333333334   5.833631956952344
4.933333333333334   5.832174771816147
4.933333333333334   5.832318101719959
4.933333333333334   5.834492355240789
4.933333333333334   5.9525946383795025
4.933333333333334   4.995570128233867
4.933333333333334   5.8381756329658465
4.933333333333334   5.833560317165942
4.933333333333334   5.833632015292691
4.933333333333334   5.834133834836429
4.933333333333334   5.8329391433056585
4.933333333333334   5.833703715181892
4.933333333333334   4.999477804544265
4.933333333333334   5.834492355239131
4.933333333333334   5.833130282068947
4.933333333333334   5.821494567335208
4.933333333333334   5.845508240987968
4.933333333333334   5.832867462209249
4.933333333333334   5.834683595811607
4.933333333333334   5.102010724874933
4.933333333333334   5.832294193476396
4.933333333333334   5.833990474020313
4.933333333333334   5.832461380356851
4.933333333333334   5.834086047115978
4.933333333333334   5.833870982883165
4.933333333333334   5.825090015448836
4.933333333333334   5.0067571194084834
4.933333333333334   5.8342294709799365
4.933333333333334   5.832556903359099
4.933333333333334   5.834779191616749
4.933333333333334   5.833273600610369
4.933333333333334   5.831291215151032
4.933333333333334   5.83540081584254
4.933333333333334   5.833393067276985
4.933333333333334   5.833130223740292
4.933333333333334   5.092900515015423
4.933333333333334   5.842870182903466
4.933333333333334   5.834850919709939
4.933333333333334   5.831410600629618
4.933333333333334   5.835161722907869
4.933333333333334   5.834348918449982
4.933333333333334   5.83179269034047
4.933333333333334   5.000891008750593
4.933333333333334   5.8329391433056585
4.933333333333334   5.833536398735306
4.933333333333334   5.821875358658102
4.933333333333334   5.842366859395752
4.933333333333334   5.8357833702653314
4.933333333333334   5.8338949040575825
4.933333333333334   5.000829537603684
4.933333333333334   5.833536457072084
4.933333333333334   5.950356313286117
4.933333333333334   5.832867462209249
4.933333333333334   5.835998575523246
4.933333333333334   5.832294193476396
4.933333333333334   5.825542718545604
4.933333333333334   5.006120683392529
4.933333333333334   5.834301127204299
4.933333333333334   5.832127016180454
4.933333333333334   5.835281208554395
4.933333333333334   5.83124347398385
4.933333333333334   5.836764008114275
4.933333333333334   5.830646571393324
4.933333333333334   5.00236651955367
4.933333333333334   5.833847120249568
4.933333333333334   5.824875555777375
4.933333333333334   5.839635935604912
4.933333333333334   5.9520224341316395
4.933333333333334   5.835424749564467
4.933333333333334   5.833870982883165
4.933333333333334   5.000174056058833
4.933333333333334   5.831052458853241
4.933333333333334   5.834014337826669
4.933333333333334   5.835161722907869
4.933333333333334   5.83179269034047
4.933333333333334   5.828856829577202
4.933333333333334   5.838869808072992
4.933333333333334   4.999273055706026
4.933333333333334   5.83410997005247
4.933333333333334   5.833393067278643
4.933333333333334   5.833249684532485
4.933333333333334   5.833918767082089
4.933333333333334   5.9510525317146925
4.933333333333334   5.833942630301816
4.933333333333334   5.00195661536952
4.933333333333334   5.8336558761665955
4.933333333333334   5.828809128264143
4.933333333333334   5.836764008114275
4.933333333333334   5.8330346819581065
4.933333333333334   5.833870982883165
4.933333333333334   5.834444561643543
4.933333333333334   5.833536398735306
4.933333333333334   4.998495203019038
4.933333333333334   5.834301185558031
4.933333333333334   5.833464702958869
4.933333333333334   5.83217477181449
4.933333333333334   5.835066114566135
4.933333333333334   5.95110225482915
4.933333333333334   5.83456407627852
4.933333333333334   5.000296967637426
4.933333333333334   5.832413561714719
4.933333333333334   5.8329391433056585
4.933333333333334   5.8338231994670116
4.933333333333334   5.833369150219481
4.933333333333334   5.833488620801579
4.933333333333334   5.833679853916643
4.933333333333334   4.996469744302357
4.933333333333334   5.834444561643543
4.933333333333334   5.836955339229939
4.933333333333334   5.8327480170700055
4.933333333333334   5.835376882318598
4.933333333333334   5.831529990998379
4.933333333333334   5.834635799082864
4.933333333333334   5.101413758875712
4.933333333333334   5.8336558761665955
4.933333333333334   5.832867462209249
4.933333333333334   5.82895229279073
4.933333333333334   5.838319257979339
4.933333333333334   5.8341577581664925
4.933333333333334   5.831816536170207
4.933333333333334   5.000891008750593
4.933333333333334   5.832867462209249
4.933333333333334   5.834133834836429
4.933333333333334   5.832604724351721
4.933333333333334   5.8348509197082805
4.933333333333334   5.8333213750253075
4.933333333333334   5.8254712772980035
4.933333333333334   5.9588459962627445
4.933333333333334   5.00289958053985
4.933333333333334   5.833847061904918
4.933333333333334   5.833058596273015
4.933333333333334   5.833297458554021
4.933333333333334   5.833942688648377
4.933333333333334   5.832198620768948
4.933333333333334   5.833369208554572
4.933333333333334   5.83408604711432
4.933333333333334   4.999928301027844
4.933333333333334   5.833297516887678
4.933333333333334   5.832270285427187
4.933333333333334   5.83377535849371
4.933333333333334   5.834062182721314
4.933333333333334   5.8308137221075755
4.933333333333334   5.835759491984496
4.933333333333334   5.101989379944039
4.933333333333334   5.83296305683885
