0.0   0.35067735118836524
1.2666666666666666   0.0
2.6   0.8331268844913561
3.933333333333333   0.8170046538121052
4.933333333333334   3.1443409591525304
4.933333333333334   4.007804355740776
4.933333333333334   5.504532055813844
4.933333333333334   4.9005913572994455
4.933333333333334   5.117526660880997
4.933333333333334   6.278033420344987
4.933333333333334   5.4096285081363575
4.933333333333334   5.720295938170183
4.933333333333334   6.168631756794221
4.933333333333334   4.905928622427791
4.933333333333334   6.171906519637288
4.933333333333334   5.721513896622202
4.933333333333334   5.399578747081568
4.933333333333334   5.506490106567889
4.933333333333334   6.407236384030004
4.933333333333334   5.400070102784364
4.933333333333334   5.607391349262673
4.933333333333334   6.293812943026798
4.933333333333334   5.606177361620886
4.933333333333334   5.506085631033881
4.933333333333334   5.60834083216574
4.933333333333334   5.503893910589271
4.933333333333334   5.83155389297842
4.933333333333334   5.833870982883113
4.933333333333334   5.71907849814986
4.933333333333334   6.166878818090061
4.933333333333334   5.726690389497962
4.933333333333334   5.402405289136306
4.933333333333334   5.716553352002782
4.933333333333334   5.211114952050248
4.933333333333334   5.847782399572593
4.933333333333334   5.847950446292483
4.933333333333334   5.846774116927375
4.933333333333334   5.7170582028278885
4.933333333333334   5.831601580927861
4.933333333333334   5.605890526254203
4.933333333333334   5.509792062273657
4.933333333333334   5.717884555492604
4.933333333333334   6.174786450645131
4.933333333333334   5.717333608497175
4.933333333333334   5.117820923328224
4.933333333333334   5.849085270912998
4.933333333333334   5.847719358895716
4.933333333333334   5.849190422766079
4.933333333333334   5.829572617741888
4.933333333333334   5.832055355043385
4.933333333333334   5.612761461833007
4.933333333333334   5.50066271355724
4.933333333333334   5.610506027119754
4.933333333333334   6.29079660231562
4.933333333333334   5.719767520800843
4.933333333333334   5.1161295332898336
4.933333333333334   5.848875081176536
4.933333333333334   5.843142925844046
4.933333333333334   5.851524545526047
4.933333333333334   5.717494269388179
4.933333333333334   5.8332258269813275
4.933333333333334   5.71907849814986
4.933333333333334   5.505468325289982
4.933333333333334   5.609577927984127
4.933333333333334   6.2907236482679405
4.933333333333334   5.716553352002807
4.933333333333334   5.117600200871934
4.933333333333334   6.287637384758973
4.933333333333334   5.401237418554303
4.933333333333334   5.719859444161549
4.933333333333334   6.174177473298711
4.933333333333334   5.719445952498857
4.933333333333334   5.400213427543709
4.933333333333334   5.720502766031425
4.933333333333334   5.50306449624295
4.933333333333334   5.717540166152546
4.933333333333334   5.947324815982535
4.933333333333334   5.614487299633508
4.933333333333334   6.290188802533015
4.933333333333334   4.8052948813892895
4.933333333333334   6.293034186653393
4.933333333333334   5.719147409766204
4.933333333333334   5.117618608648595
4.933333333333334   5.848139587348993
4.933333333333334   5.846333064144778
4.933333333333334   5.850220587393639
4.933333333333334   5.715176908647393
4.933333333333334   5.833536457072809
4.933333333333334   5.717953382290667
4.933333333333334   6.175325303323144
4.933333333333334   4.90159484662004
4.933333333333334   6.172655526745587
4.933333333333334   5.836476918166224
4.933333333333334   5.116993446932597
4.933333333333334   6.285549180500192
4.933333333333334   5.400889211041131
4.933333333333334   5.610594472076124
4.933333333333334   6.291088376061404
4.933333333333334   5.605846350613128
4.933333333333334   5.5064262243806485
4.933333333333334   5.7182518564296725
4.933333333333334   6.290602022377028
4.933333333333334   5.718665175447896
4.933333333333334   4.998802187019954
4.933333333333334   5.720479765719988
4.933333333333334   6.172046969623047
4.933333333333334   5.719400025132691
4.933333333333334   5.504468270991469
4.933333333333334   5.719675656477006
4.933333333333334   5.8470051296214125
4.933333333333334   5.116276535085873
4.933333333333334   5.849736975643959
4.933333333333334   5.8476983798343625
4.933333333333334   6.532312288502887
4.933333333333334   4.999354983220086
4.933333333333334   5.721996667653006
4.933333333333334   6.173428096812805
4.933333333333334   5.716599233662066
4.933333333333334   5.403840219598262
4.933333333333334   5.718159984732045
4.933333333333334   5.8493165176012365
4.933333333333334   5.117250882292224
4.933333333333334   6.169941233407599
4.933333333333334   5.829047700882653
4.933333333333334   5.614553713755242
4.933333333333334   6.28863339387215
4.933333333333334   4.808853645847724
4.933333333333334   6.289022144253915
4.933333333333334   5.713571951556752
4.933333333333334   5.854197436877254
4.933333333333334   5.117379587239525
4.933333333333334   5.846417044653638
4.933333333333334   5.849736975643959
4.933333333333334   5.715819177584544
4.933333333333334   5.832509141466553
4.933333333333334   5.721904731711857
4.933333333333334   6.169286397069228
4.933333333333334   4.905356926425798
4.933333333333334   6.286083178219519
4.933333333333334   5.7240434842042
4.933333333333334   5.116221385986066
4.933333333333334   6.286738797815753
4.933333333333334   6.169894467009191
4.933333333333334   4.810445408857494
4.933333333333334   6.2893866747664635
4.933333333333334   5.7194230167623115
4.933333333333334   5.401544706593185
4.933333333333334   5.719859444161549
4.933333333333334   6.288633393872045
4.933333333333334   4.901319336158648
4.933333333333334   5.833106367164583
4.933333333333334   5.721008314704222
4.933333333333334   6.2889006434732
4.933333333333334   5.60845131696151
4.933333333333334   5.505234254040768
4.933333333333334   5.712930187519757
4.933333333333334   5.853460603956516
4.933333333333334   5.49928213470863
4.933333333333334   6.174645933144311
4.933333333333334   5.72008918135461
4.933333333333334   5.40138080528525
4.933333333333334   5.71400748643391
4.933333333333334   6.177997447597382
4.933333333333334   4.904292679320212
4.933333333333334   6.171110909439267
4.933333333333334   5.5038088495860995
4.933333333333334   5.117949612048834
4.933333333333334   6.69407745602786
4.933333333333334   5.114457556218576
4.933333333333334   6.538400253532999
4.933333333333334   5.000399381898563
4.933333333333334   5.608848914911138
4.933333333333334   6.292036783146383
4.933333333333334   5.607082346082317
4.933333333333334   5.503851327829387
4.933333333333334   5.719560858261717
4.933333333333334   5.849253443843739
4.933333333333334   5.118115174712179
4.933333333333334   5.846417095924531
4.933333333333334   5.848854093821879
4.933333333333334   6.532364774382335
4.933333333333334   4.999313994133729
4.933333333333334   5.717540222193105
4.933333333333334   6.294421383992434
4.933333333333334   5.609754708218271
4.933333333333334   5.502426639321378
4.933333333333334   5.720594656925838
4.933333333333334   5.847530296310433
4.933333333333334   5.502426639321193
4.933333333333334   6.167696732156096
4.933333333333334   5.723215350524253
4.933333333333334   5.400930215481889
4.933333333333334   5.720548711109713
4.933333333333334   6.171391629125576
4.933333333333334   4.90409570064208
4.933333333333334   6.289167975120308
4.933333333333334   5.715842084426277
4.933333333333334   5.952345906425941
4.933333333333334   5.611390278311881
4.933333333333334   5.500535272803291
4.933333333333334   5.610064059975027
4.933333333333334   5.506660448986348
4.933333333333334   5.717609040701714
4.933333333333334   5.8478453903127425
4.933333333333334   5.117894471776737
4.933333333333334   6.579369833220719
4.933333333333334   5.116313286854922
4.933333333333334   6.533203830860407
4.933333333333334   5.829644217879335
4.933333333333334   4.905061263920792
4.933333333333334   6.173943270030887
4.933333333333334   5.721467936038652
4.933333333333334   5.399148846706515
4.933333333333334   5.835544245981802
4.933333333333334   5.848917158967162
4.933333333333334   5.498390413758021
4.933333333333334   6.174950481605479
4.933333333333334   5.609975631740387
4.933333333333334   5.502703036213324
4.933333333333334   5.610704991718934
4.933333333333334   6.2912585849649325
4.933333333333334   5.716599233662166
4.933333333333334   5.503213340420472
4.933333333333334   5.718779937710954
4.933333333333334   5.831625483494144
4.933333333333334   5.719767576884926
4.933333333333334   5.4001314910417655
4.933333333333334   5.717563142831534
4.933333333333334   6.292961240100634
4.933333333333334   4.9041548166347235
4.933333333333334   5.847404227186262
4.933333333333334   5.8436883490879366
4.933333333333334   5.8496318554664875
4.933333333333334   5.504106626534872
4.933333333333334   5.8336080962747285
4.933333333333334   5.718504392687129
4.933333333333334   6.173896442944334
4.933333333333334   5.715268684513152
4.933333333333334   5.396427899617437
4.933333333333334   5.7318762013130815
4.933333333333334   5.115229084876873
4.933333333333334   5.847719358895808
4.933333333333334   5.952619535497874
4.933333333333334   5.847635340968837
4.933333333333334   5.718068172037475
4.933333333333334   5.83305859627343
4.933333333333334   5.604897658219861
4.933333333333334   6.296369376156872
4.933333333333334   4.808323307658695
4.933333333333334   6.287151564488452
4.933333333333334   5.719216323043358
4.933333333333334   5.117361181182472
4.933333333333334   5.84910631124482
4.933333333333334   5.84910631124482
4.933333333333334   5.8459971149710865
4.933333333333334   5.717448373360667
4.933333333333334   5.834803120239376
4.933333333333334   5.720893350775997
4.933333333333334   5.503170820107665
4.933333333333334   5.60895936579466
4.933333333333334   6.290383238201863
4.933333333333334   5.7197215882701915
4.933333333333334   5.11511887787638
4.933333333333334   5.848034524573524
4.933333333333334   5.844548664241445
4.933333333333334   5.852134669264454
4.933333333333334   5.717356583516033
4.933333333333334   5.832079203021472
4.933333333333334   5.721100221841375
4.933333333333334   5.400786852672666
4.933333333333334   5.719032520615105
4.933333333333334   6.292109827040355
4.933333333333334   5.720112122434515
4.933333333333334   5.116497098497367
4.933333333333334   5.844401768233185
4.933333333333334   6.061577731516388
4.933333333333334   5.835209528252833
4.933333333333334   5.609953565580859
4.933333333333334   5.503447239847664
4.933333333333334   5.71409922474541
4.933333333333334   6.178489906817163
4.933333333333334   5.7187340210402695
4.933333333333334   5.115467950292482
4.933333333333334   5.835496427854894
4.933333333333334   5.853734241074205
4.933333333333334   5.960554415842964
4.933333333333334   5.714122117803348
4.933333333333334   5.836907505275051
4.933333333333334   5.60015916996392
4.933333333333334   5.511433954745393
4.933333333333334   5.60909188023596
4.933333333333334   6.29072358890813
4.933333333333334   4.902697294418024
4.933333333333334   5.849064282049972
4.933333333333334   5.848307705902706
4.933333333333334   5.848980225472274
4.933333333333334   5.115541431126841
4.933333333333334   6.535039982550681
4.933333333333334   5.832127016181283
4.933333333333334   5.7222955079332785
4.933333333333334   5.501321433126553
4.933333333333334   5.610262939270716
4.933333333333334   6.284262920828814
4.933333333333334   4.90723023549453
4.933333333333334   5.848055557346567
4.933333333333334   5.846774065650266
4.933333333333334   5.849463712100274
4.933333333333334   5.115982450203959
4.933333333333334   6.5344103322305305
4.933333333333334   5.833918767081674
4.933333333333334   5.719928374598995
4.933333333333334   5.391545311993213
4.933333333333334   5.729593260463628
4.933333333333334   6.173381277540797
4.933333333333334   4.901299685479763
4.933333333333334   5.954710201076527
4.933333333333334   5.499749285286452
4.933333333333334   6.173498355636092
4.933333333333334   5.612031567132528
4.933333333333334   6.2883904270447495
4.933333333333334   4.808796805089185
4.933333333333334   6.287394494887772
4.933333333333334   5.721536905250085
4.933333333333334   5.5033196700373725
4.933333333333334   5.7154750929881075
4.933333333333334   5.831649386256785
4.933333333333334   5.720295938170195
4.933333333333334   5.401852029598392
4.933333333333334   5.721353009752873
4.933333333333334   6.173685701260329
4.933333333333334   5.8287137279810395
4.933333333333334   5.11993675666873
4.933333333333334   5.849211412534407
4.933333333333334   5.848664957856537
4.933333333333334   5.1163684379356065
4.933333333333334   6.532207447283649
4.933333333333334   5.832962998512711
4.933333333333334   5.721238144196791
4.933333333333334   5.402179849334673
4.933333333333334   5.718825911184258
4.933333333333334   6.171649063642683
4.933333333333334   5.721881720124951
4.933333333333334   5.117066971599536
4.933333333333334   5.847278214783914
4.933333333333334   5.953185642357912
4.933333333333334   5.113943318121825
4.933333333333334   6.536299711382132
4.933333333333334   5.834659668169312
4.933333333333334   5.609312805492069
4.933333333333334   5.498093254975536
4.933333333333334   5.614597972695954
4.933333333333334   6.2914774300353855
4.933333333333334   5.7187340210404685
4.933333333333334   5.1171221389304495
4.933333333333334   5.841821660856311
4.933333333333334   5.852471375613977
4.933333333333334   5.1173979485356735
4.933333333333334   6.534357877521753
4.933333333333334   5.829119288126564
4.933333333333334   5.723767375574906
4.933333333333334   5.5044895670625
4.933333333333334   5.608075880509768
4.933333333333334   6.29069931084172
4.933333333333334   5.718848842132677
4.933333333333334   5.117526660880877
4.933333333333334   6.284918101514861
4.933333333333334   5.402733176028861
4.933333333333334   5.721330058718504
4.933333333333334   5.398125647389542
4.933333333333334   5.722088606548639
4.933333333333334   6.1754190015616075
4.933333333333334   5.718412568932256
4.933333333333334   5.502554219638224
4.933333333333334   5.716897510414676
4.933333333333334   5.833894904056753
4.933333333333334   5.718734021040071
4.933333333333334   5.503851379759
4.933333333333334   5.606133181458966
4.933333333333334   6.294348405276547
4.933333333333334   5.7200432436577
4.933333333333334   5.115651701198908
4.933333333333334   6.288851997015563
4.933333333333334   5.400602497386809
4.933333333333334   5.716576320751132
4.933333333333334   6.176450098770636
4.933333333333334   5.720204056871996
4.933333333333334   5.400315814171696
4.933333333333334   5.7185503056704245
4.933333333333334   6.2901401954940726
4.933333333333334   4.901890091369309
4.933333333333334   5.8320792613297305
4.933333333333334   5.719147353694134
4.933333333333334   6.290820881133107
4.933333333333334   5.607810899976526
4.933333333333334   5.505574742064092
4.933333333333334   5.7200432436577
4.933333333333334   5.837107869951866
4.933333333333334   5.513055359285426
4.933333333333334   6.1707833782965915
4.933333333333334   4.9044306459705425
4.933333333333334   6.171883092881518
4.933333333333334   5.720272939522002
4.933333333333334   6.166551736016877
4.933333333333334   4.908157573846686
4.933333333333334   6.286787352300441
4.933333333333334   5.718091096908829
4.933333333333334   5.828546755881003
4.933333333333334   4.906283556833184
4.933333333333334   6.291526057743766
4.933333333333334   5.609555811009631
4.933333333333334   5.503766320070485
4.933333333333334   5.716507415059622
4.933333333333334   5.849253495164574
4.933333333333334   5.503064496242858
4.933333333333334   6.171485265160793
4.933333333333334   5.60026927886766
4.933333333333334   5.511476550771366
4.933333333333334   5.720732554906459
4.933333333333334   6.173591998441867
4.933333333333334   5.718389585425842
4.933333333333334   5.504468270991469
4.933333333333334   5.715956845427149
4.933333333333334   5.8325329931560175
4.933333333333334   5.721261094493737
4.933333333333334   5.504106626535057
4.933333333333334   5.604214010265802
4.933333333333334   6.2957848162448755
4.933333333333334   4.899253898502973
4.933333333333334   5.851103881838298
4.933333333333334   5.848097572045974
4.933333333333334   5.8461860784260935
4.933333333333334   5.118372678044599
4.933333333333334   6.532653205742983
4.933333333333334   5.834874790555266
4.933333333333334   5.708625106871305
4.933333333333334   5.410553344278031
4.933333333333334   5.719101487194512
4.933333333333334   6.174973874457457
4.933333333333334   4.900729067741343
4.933333333333334   5.848370707960114
4.933333333333334   5.953316260889466
4.933333333333334   5.847005129621321
4.933333333333334   5.118170364647299
4.933333333333334   6.533387393193977
4.933333333333334   5.8310763569186586
4.933333333333334   5.612827781123917
4.933333333333334   5.504085333426631
4.933333333333334   5.717195874329277
4.933333333333334   6.174903639239282
4.933333333333334   4.901142245508171
4.933333333333334   5.848181603255913
4.933333333333334   5.116883163893952
4.933333333333334   6.5801499774101435
4.933333333333334   5.11642359020594
4.933333333333334   6.535092448211757
4.933333333333334   5.950654716024434
4.933333333333334   5.610859715740014
4.933333333333334   5.50393644207672
4.933333333333334   5.608274618864225
4.933333333333334   5.504744873036548
4.933333333333334   5.7194459524989565
4.933333333333334   5.846585115457164
4.933333333333334   5.114696304736001
4.933333333333334   6.582657504321313
4.933333333333334   5.117416354857217
4.933333333333334   6.5336496612882735
4.933333333333334   5.83348862080075
4.933333333333334   5.720456765593505
4.933333333333334   5.40166765160666
4.933333333333334   5.714787048061635
4.933333333333334   5.50778917525036
4.933333333333334   5.720135119789776
4.933333333333334   5.846732069965669
4.933333333333334   5.502192826636426
4.933333333333334   6.1715086317652075
4.933333333333334   5.610837642624886
4.933333333333334   5.504149161309818
4.933333333333334   5.608561752186423
4.933333333333334   6.287200184642459
4.933333333333334   5.722410472086962
4.933333333333334   5.501427689646468
4.933333333333334   5.715773252439828
4.933333333333334   5.836118212222033
4.933333333333334   5.719147353694134
4.933333333333334   5.402979179872902
4.933333333333334   5.718527377116428
4.933333333333334   6.290991075562299
4.933333333333334   5.717631961892111
4.933333333333334   5.117287648060559
4.933333333333334   5.849064282049972
4.933333333333334   5.846606086531514
4.933333333333334   5.118041575015757
4.933333333333334   6.532548289568613
4.933333333333334   5.8334647612946275
4.933333333333334   5.720249997152136
4.933333333333334   5.4025897675250185
4.933333333333334   5.717999286426599
4.933333333333334   6.175067562031781
4.933333333333334   5.719400025132691
4.933333333333334   5.116037639021962
4.933333333333334   5.848076538970898
4.933333333333334   5.952902575469134
4.933333333333334   5.1179128367680775
4.933333333333334   6.53142111741613
4.933333333333334   5.834277261051274
4.933333333333334   5.609887260243588
4.933333333333334   5.5035323415975155
4.933333333333334   5.606574583324296
4.933333333333334   6.2907236482679405
4.933333333333334   4.903406231554812
4.933333333333334   5.8479925107802
4.933333333333334   5.84967389281832
4.933333333333334   5.846648080406306
4.933333333333334   5.117986432761894
4.933333333333334   6.532128850578939
4.933333333333334   5.833345291691466
4.933333333333334   5.7136406745707795
4.933333333333334   5.509621578095967
4.933333333333334   5.60990937983194
4.933333333333334   5.502724318627592
4.933333333333334   5.720295938170195
4.933333333333334   5.849085322230655
4.933333333333334   6.285573418830395
4.933333333333334   5.4023437991396746
4.933333333333334   5.718320692070656
4.933333333333334   5.4023233361394745
4.933333333333334   5.714901710711819
4.933333333333334   6.177505009631932
4.933333333333334   5.713388567696838
4.933333333333334   5.509174029276432
4.933333333333334   5.7191244203525615
4.933333333333334   5.832198679080216
4.933333333333334   5.719354098504016
4.933333333333334   5.504170402976093
4.933333333333334   5.6078330031938455
4.933333333333334   6.289289426898224
4.933333333333334   5.718619204558446
4.933333333333334   5.1190718040502095
4.933333333333334   6.287880234091434
4.933333333333334   5.400336311961075
4.933333333333334   5.717953326242108
4.933333333333334   6.175723683498594
4.933333333333334   5.717310633662766
4.933333333333334   5.402446266567113
4.933333333333334   5.72068660687502
4.933333333333334   5.3975936910457865
4.933333333333334   5.506383654405155
4.933333333333334   6.405143627531754
4.933333333333334   5.403573614813136
4.933333333333334   5.610594526039734
4.933333333333334   6.289775518289342
4.933333333333334   5.607877156239663
4.933333333333334   5.504085333427
4.933333333333334   5.6110144482948465
4.933333333333334   6.288949290683016
4.933333333333334   4.996981073884137
4.933333333333334   5.834205547062573
4.933333333333334   5.7133656805165005
4.933333333333334   6.172398008259735
4.933333333333334   5.727450359459481
4.933333333333334   5.401339844015586
4.933333333333334   5.717218848241081
4.933333333333334   5.850220587393456
4.933333333333334   5.207570796181288
4.933333333333334   5.846102104552457
4.933333333333334   5.8509566047829615
4.933333333333334   5.716163303612826
4.933333333333334   5.832031448952717
4.933333333333334   5.606729133510921
4.933333333333334   6.293910271415706
4.933333333333334   5.718779937710755
4.933333333333334   5.4037171756681825
4.933333333333334   5.71737950268233
4.933333333333334   5.849379592718843
4.933333333333334   5.117250837401574
4.933333333333334   5.842010354472618
4.933333333333334   5.85367112340604
4.933333333333334   5.717081175633518
4.933333333333334   5.950107707659554
4.933333333333334   5.609555811009248
4.933333333333334   6.290237410323606
4.933333333333334   4.810805639064676
4.933333333333334   6.288730562131007
4.933333333333334   5.71591091807056
4.933333333333334   5.851103881838298
4.933333333333334   5.117342775257664
4.933333333333334   5.846564093259964
4.933333333333334   5.850031311707576
4.933333333333334   5.715475092988505
4.933333333333334   5.834325051905547
4.933333333333334   5.711784614725428
4.933333333333334   6.178865158359902
4.933333333333334   4.9022247835365995
4.933333333333334   6.292985535629409
4.933333333333334   5.7146724459965546
4.933333333333334   5.120673079528501
4.933333333333334   6.284942394228921
4.933333333333334   6.173474916795183
4.933333333333334   4.808399049883136
4.933333333333334   6.29300989074917
4.933333333333334   5.6069498726792135
4.933333333333334   5.502979408961156
4.933333333333334   5.71694345362724
4.933333333333334   6.293058542149312
4.933333333333334   5.716691055214338
4.933333333333334   4.998843167714241
4.933333333333334   5.721421976193169
4.933333333333334   6.173311021382233
4.933333333333334   5.7205027660316246
4.933333333333334   5.502469148135259
4.933333333333334   5.719928374598995
4.933333333333334   5.847383250385861
4.933333333333334   5.117379542346538
4.933333333333334   5.846963130617704
4.933333333333334   6.289046468704612
4.933333333333334   5.8326524294886575
4.933333333333334   5.6114345413715805
4.933333333333334   5.502129044117485
4.933333333333334   5.720893350776196
4.933333333333334   6.17104070494675
4.933333333333334   5.720985310327016
4.933333333333334   5.115027019911008
4.933333333333334   5.850893495650708
4.933333333333334   5.847551325456657
4.933333333333334   5.117250837401255
4.933333333333334   6.662941482712745
4.933333333333334   5.832795782874599
4.933333333333334   5.612341170063048
4.933333333333334   5.5021928266367945
4.933333333333334   5.609710471654628
4.933333333333334   6.290188802533647
4.933333333333334   4.901476787507865
4.933333333333334   5.848517854860677
4.933333333333334   5.8483076545988295
4.933333333333334   5.846879134419786
4.933333333333334   5.118372678044918
4.933333333333334   6.531761877644506
4.933333333333334   5.833560317165113
4.933333333333334   5.7206635489838265
4.933333333333334   5.40187253905137
4.933333333333334   5.716392743986136
4.933333333333334   6.285719030533757
4.933333333333334   4.908433853641348
4.933333333333334   5.8482236710692375
4.933333333333334   5.50030156896263
4.933333333333334   6.1723980082593295
4.933333333333334   5.611102909282413
4.933333333333334   5.5029581764860565
4.933333333333334   5.719354098504016
4.933333333333334   6.173311021382233
4.933333333333334   5.720387822420146
4.933333333333334   5.50340476784174
4.933333333333334   5.71302183529008
4.933333333333334   5.836022514147991
4.933333333333334   5.721031319266433
4.933333333333334   5.503149534239105
4.933333333333334   5.6103071305897485
4.933333333333334   6.28936240701816
4.933333333333334   5.719239257121588
4.933333333333334   5.115780325715075
4.933333333333334   5.84816056957675
4.933333333333334   6.060720057240072
4.933333333333334   5.831935943162524
4.933333333333334   5.7217897317537885
4.933333333333334   5.400131541032954
4.933333333333334   5.720341879925794
4.933333333333334   6.173592055612338
4.933333333333334   4.900709373760997
4.933333333333334   5.848412727188352
4.933333333333334   5.848181654557577
4.933333333333334   5.954514103893161
4.933333333333334   5.116239783845295
4.933333333333334   6.534436591924311
4.933333333333334   5.833584177453326
4.933333333333334   5.608517588359415
4.933333333333334   5.503766268141739
4.933333333333334   5.60880474656197
4.933333333333334   6.291282867348421
4.933333333333334   4.89866407944054
4.933333333333334   5.850620124047848
4.933333333333334   5.1178576972879215
4.933333333333334   6.57925157223728
4.933333333333334   5.116919924378347
4.933333333333334   6.532626960380417
4.933333333333334   5.832604666032747
4.933333333333334   5.721996667653006
4.933333333333334   5.503170820107297
4.933333333333334   5.607810899976526
4.933333333333334   6.285524883095394
4.933333333333334   4.9057708849383745
4.933333333333334   5.849505695710387
4.933333333333334   5.117306008697112
4.933333333333334   6.578495241138739
4.933333333333334   5.115927307443983
4.933333333333334   6.534515308224226
4.933333333333334   5.833321375024479
4.933333333333334   5.719560802181639
4.933333333333334   5.399967725472857
4.933333333333334   5.721973655327123
4.933333333333334   5.402589767525374
4.933333333333334   5.719606732129666
4.933333333333334   5.950225801846842
4.933333333333334   5.500853963570372
4.933333333333334   6.172936386980292
4.933333333333334   5.611213448956152
4.933333333333334   5.502511709510099
4.933333333333334   5.608495479745206
4.933333333333334   6.28734587172824
4.933333333333334   5.612628719946737
4.933333333333334   5.603530421409973
4.933333333333334   5.723560367742087
4.933333333333334   5.832986912240675
4.933333333333334   5.722065649611855
4.933333333333334   5.400889211041131
4.933333333333334   5.719698650322526
4.933333333333334   6.1736154381726465
4.933333333333334   5.71586504745944
4.933333333333334   5.211286550810212
4.933333333333334   5.8477613687643935
4.933333333333334   5.8465640932596
4.933333333333334   5.118464656216349
4.933333333333334   6.53257453429905
4.933333333333334   5.830026076140952
4.933333333333334   5.613336569181768
4.933333333333334   5.503532341597147
4.933333333333334   5.717976362291008
4.933333333333334   6.173334401813744
4.933333333333334   5.720962362242975
4.933333333333334   5.117250837401893
4.933333333333334   5.84879103003693
4.933333333333334   5.846144091187726
4.933333333333334   5.117453123003092
4.933333333333334   6.6650969030443195
4.933333333333334   5.8337276349846
4.933333333333334   5.610196626619786
4.933333333333334   5.497987127220613
4.933333333333334   5.6149521774362325
4.933333333333334   6.2902373509727605
4.933333333333334   5.719331163503558
4.933333333333334   5.115412818623152
4.933333333333334   5.850346726649284
4.933333333333334   5.847824410346634
4.933333333333334   5.116846359053943
4.933333333333334   6.531290070179365
4.933333333333334   5.833464761294213
4.933333333333334   5.721490944296956
4.933333333333334   5.401503742838142
4.933333333333334   5.71965266281616
4.933333333333334   6.289629718585694
4.933333333333334   5.718412568932256
4.933333333333334   5.117563430612171
4.933333333333334   6.2866416910970715
4.933333333333334   5.4011554509760185
4.933333333333334   5.611699864472881
4.933333333333334   5.497350446717129
4.933333333333334   5.610240870850381
4.933333333333334   6.295346541845945
4.933333333333334   5.718320692070257
4.933333333333334   5.504042799638354
4.933333333333334   5.716025625824346
4.933333333333334   5.832891375153866
4.933333333333334   5.719400025133089
4.933333333333334   5.4035531424953005
4.933333333333334   5.7192163230437565
4.933333333333334   6.289678317735297
4.933333333333334   5.717195874329277
4.933333333333334   5.117894471776737
4.933333333333334   5.848896171310851
4.933333333333334   5.848265636880408
4.933333333333334   6.286981637027619
4.933333333333334   4.9992321179466614
4.933333333333334   5.610727117756726
4.933333333333334   6.29069931084172
4.933333333333334   5.7151769086469955
4.933333333333334   5.404147753809682
4.933333333333334   5.72123814419719
4.933333333333334   5.847299190830349
4.933333333333334   5.115927352311654
4.933333333333334   5.848328689336394
4.933333333333334   5.849127351727878
4.933333333333334   5.830622735129564
4.933333333333334   5.83238976931621
4.933333333333334   5.590903698083819
4.933333333333334   6.313122704327183
4.933333333333334   5.607413449172882
4.933333333333334   5.503085729538041
4.933333333333334   5.721169182187847
4.933333333333334   5.848770043285783
4.933333333333334   5.115890561219642
4.933333333333334   5.848643920699623
4.933333333333334   5.847593332910791
4.933333333333334   5.716048590332865
4.933333333333334   5.8329391433056585
4.933333333333334   5.721651838924367
4.933333333333334   6.174107199017176
4.933333333333334   5.717930402474637
4.933333333333334   5.504936355071729
4.933333333333334   5.719262247459367
4.933333333333334   5.847992510779836
4.933333333333334   5.117692151282314
4.933333333333334   5.847677349630444
4.933333333333334   5.847236211857081
4.933333333333334   5.716415655425184
4.933333333333334   5.832365860484247
4.933333333333334   5.7218587087240325
4.933333333333334   6.172444812618434
4.933333333333334   5.71999730669843
4.933333333333334   5.401647143709455
4.933333333333334   5.712036580065243
4.933333333333334   5.123012442792942
4.933333333333334   5.942600440176041
4.933333333333334   6.06914954724972
4.933333333333334   5.834157758165664
4.933333333333334   5.6097325898496235
4.933333333333334   5.500938933262886
4.933333333333334   5.612164226780046
4.933333333333334   6.288633393871834
4.933333333333334   5.718182966393057
4.933333333333334   5.11890617949113
4.933333333333334   5.846165110365396
4.933333333333334   5.847950497589637
4.933333333333334   5.84910631124482
4.933333333333334   5.716071499013238
4.933333333333334   5.836261677630322
4.933333333333334   5.718022266795314
4.933333333333334   5.400356759911766
4.933333333333334   5.720410821992135
4.933333333333334   6.2913072092901805
4.933333333333334   5.719308172613312
4.933333333333334   5.115835420440175
4.933333333333334   6.288098903495837
4.933333333333334   5.4007048987689705
4.933333333333334   5.609754708218271
4.933333333333334   6.288050269440319
4.933333333333334   5.721536905250483
4.933333333333334   5.402220873375147
4.933333333333334   5.718596219390982
4.933333333333334   6.288609072616365
4.933333333333334   5.717517245698633
4.933333333333334   4.992301322207855
4.933333333333334   5.72899402956977
4.933333333333334   6.174341414721499
4.933333333333334   5.718320692071054
4.933333333333334   5.504893808128909
4.933333333333334   5.718251856429275
4.933333333333334   5.847362222448674
4.933333333333334   5.117195667295663
4.933333333333334   5.849148392362311
4.933333333333334   5.846858110108166
4.933333333333334   6.534069295615044
4.933333333333334   4.999498300345719
4.933333333333334   5.721605876124311
4.933333333333334   6.172117139870639
4.933333333333334   5.718091152960289
4.933333333333334   5.403860694091
4.933333333333334   5.719400025133089
4.933333333333334   5.847404227185897
4.933333333333334   5.202054546389536
4.933333333333334   5.853839560149093
4.933333333333334   5.84900121373218
4.933333333333334   5.716392743986136
4.933333333333334   5.834635799082035
4.933333333333334   5.61077131638787
4.933333333333334   6.288463267667973
4.933333333333334   5.609776826762104
4.933333333333334   5.501342601089778
4.933333333333334   5.721536961368721
4.933333333333334   5.1172324322709954
4.933333333333334   5.848055557346567
4.933333333333334   5.8486649578561725
4.933333333333334   5.846501078847599
4.933333333333334   5.717563142831534
4.933333333333334   5.832461380356851
4.933333333333334   5.721169126076026
4.933333333333334   6.291088376061193
4.933333333333334   5.606155271453147
4.933333333333334   5.489044851368186
4.933333333333334   5.724526626054054
4.933333333333334   5.126645366070228
4.933333333333334   5.8485388398027665
4.933333333333334   5.848202637087105
4.933333333333334   5.847047129228304
4.933333333333334   5.718550361731286
4.933333333333334   5.83255690335827
4.933333333333334   5.720985310327016
4.933333333333334   6.165547319257988
4.933333333333334   4.909104975908074
4.933333333333334   6.171555479769165
4.933333333333334   5.835018253203736
4.933333333333334   5.115155613015882
4.933333333333334   5.849694886056789
4.933333333333334   6.05884750765671
4.933333333333334   5.833201911294299
4.933333333333334   5.610461886628878
4.933333333333334   6.288924907658793
4.933333333333334   4.901909842897408
4.933333333333334   6.171321418246043
4.933333333333334   5.720663605084933
4.933333333333334   5.1190718040502095
4.933333333333334   5.846102104552821
4.933333333333334   5.849926180951181
4.933333333333334   5.846627109030702
4.933333333333334   5.8338231411244985
4.933333333333334   5.832341951848302
4.933333333333334   5.603971413494943
4.933333333333334   5.5089609214807265
4.933333333333334   5.6077666940638355
4.933333333333334   6.291890878591764
4.933333333333334   5.716782823689673
4.933333333333334   5.117820878427971
4.933333333333334   5.849022253459128
4.933333333333334   5.848517854860677
4.933333333333334   5.846312095029158
4.933333333333334   5.714259647932374
4.933333333333334   5.837051067899696
4.933333333333334   5.717953382290866
4.933333333333334   5.404393836423951
4.933333333333334   5.719101487194113
4.933333333333334   6.2900429243222025
4.933333333333334   5.719698594240344
4.933333333333334   5.115137267806764
4.933333333333334   5.850620124047848
4.933333333333334   5.847278163497735
4.933333333333334   6.287491624864524
4.933333333333334   4.998290534654258
4.933333333333334   5.721284101088487
4.933333333333334   6.174552201175841
4.933333333333334   5.717976362291008
4.933333333333334   5.402897159421365
4.933333333333334   5.718182966393057
4.933333333333334   5.846459087084102
4.933333333333334   5.118869390462372
4.933333333333334   5.846879134419786
4.933333333333334   5.948312200615733
4.933333333333334   5.721973655327123
4.933333333333334   5.835066056198759
4.933333333333334   5.608959365794468
4.933333333333334   6.289751247539595
4.933333333333334   5.609290690608365
4.933333333333334   5.50387261912693
4.933333333333334   5.717333608496478
4.933333333333334   5.850388825616951
4.933333333333334   5.115706793154525
4.933333333333334   5.848265688183911
4.933333333333334   5.849127351727878
4.933333333333334   5.71556682242906
4.933333333333334   5.833106367164583
4.933333333333334   5.721743822862182
4.933333333333334   6.173732467977234
4.933333333333334   5.71799934247586
4.933333333333334   5.502660471877921
4.933333333333334   5.720709552747274
4.933333333333334   5.8467741169276035
4.933333333333334   5.502745549297366
4.933333333333334   6.173802733729239
4.933333333333334   4.8075847842095465
4.933333333333334   6.287758777427718
4.933333333333334   5.719790515385832
4.933333333333334   5.401729126211836
4.933333333333334   5.721169182187847
4.933333333333334   6.281643563519809
4.933333333333334   5.724112459354301
4.933333333333334   5.831577736856373
4.933333333333334   4.904667102684979
4.933333333333334   6.288681977626498
4.933333333333334   5.610881842997762
4.933333333333334   5.50308578145284
4.933333333333334   5.7192162669702356
4.933333333333334   5.847026154990271
4.933333333333334   5.117912836768396
4.933333333333334   6.814123450148148
4.933333333333334   5.000481296324551
4.933333333333334   5.718458480441478
4.933333333333334   6.174833348426173
4.933333333333334   5.719583795103808
4.933333333333334   5.402159387576115
4.933333333333334   5.719560802181639
4.933333333333334   5.84664808040667
4.933333333333334   5.118317528655556
4.933333333333334   5.846207046638659
4.933333333333334   5.95246715686015
4.933333333333334   5.71804524734994
4.933333333333334   5.832843549459872
4.933333333333334   5.611036576773419
4.933333333333334   6.2903589627626495
4.933333333333334   5.608362939560463
4.933333333333334   5.504191696742356
4.933333333333334   5.717861576230479
4.933333333333334   5.849421626445239
4.933333333333334   5.116221385986544
4.933333333333334   5.8484758341225325
4.933333333333334   5.848959186047321
4.933333333333334   5.715750346149992
4.933333333333334   5.832485289971959
4.933333333333334   5.721146176517316
4.933333333333334   6.173334401814556
4.933333333333334   5.716920537957167
4.933333333333334   5.507022429126797
4.933333333333334   5.718756951250788
4.933333333333334   5.847509318605329
4.933333333333334   5.118262290639268
4.933333333333334   5.847656370870784
4.933333333333334   6.285816168018494
4.933333333333334   5.831577736855545
4.933333333333334   5.613425103403151
4.933333333333334   5.50253293853932
4.933333333333334   5.717563142831534
4.933333333333334   6.167907065159066
4.933333333333334   4.908947082296559
4.933333333333334   5.847971478461201
4.933333333333334   5.847677349630444
4.933333333333334   5.846858110107438
4.933333333333334   5.208999294591686
4.933333333333334   6.533230080857981
4.933333333333334   5.8338231411244985
4.933333333333334   5.61147875114973
4.933333333333334   5.502426639321193
4.933333333333334   5.610484010748935
4.933333333333334   6.289192241368607
4.933333333333334   4.900630695488179
4.933333333333334   5.847068154900039
4.933333333333334   5.117692151282314
4.933333333333334   6.580433796058106
4.933333333333334   5.1164603440876295
4.933333333333334   6.534121745691165
4.933333333333334   5.833393067277814
4.933333333333334   5.7167369390837255
4.933333333333334   5.404988632784175
4.933333333333334   5.711647203706784
4.933333333333334   6.2972706589907945
4.933333333333334   4.901496487656219
4.933333333333334   5.850578073094666
4.933333333333334   5.116589009271789
4.933333333333334   6.577124697162671
4.933333333333334   5.117931246794045
4.933333333333334   6.533518524609138
4.933333333333334   5.831816536170207
4.933333333333334   4.904312402110362
4.933333333333334   6.172772577314734
4.933333333333334   5.719606732130463
4.933333333333334   6.174622542776963
4.933333333333334   4.901909794839794
4.933333333333334   5.846753093371223
4.933333333333334   5.117618608648675
4.933333333333334   6.693123124764809
4.933333333333334   5.504021558957327
4.933333333333334   5.83473139332179
4.933333333333334   5.606596676797156
4.933333333333334   5.506660448986717
4.933333333333334   5.608340886085937
4.933333333333334   6.290286018864809
4.933333333333334   5.719514872971265
4.933333333333334   5.117820923328224
4.933333333333334   5.846333064144596
4.933333333333334   5.8477823995724565
4.933333333333334   5.84996822253392
4.933333333333334   5.715773308445855
4.933333333333334   5.830360199453221
4.933333333333334   5.723468381546098
4.933333333333334   5.401012126216497
4.933333333333334   5.720043187568361
4.933333333333334   6.2894839256421315
4.933333333333334   5.7201580612373695
4.933333333333334   5.112181103275139
4.933333333333334   6.292231392467274
4.933333333333334   5.401811061181936
4.933333333333334   5.608407154874073
4.933333333333334   6.291647659991994
4.933333333333334   5.719813510154959
4.933333333333334   5.402282310542093
4.933333333333334   5.717563142831534
4.933333333333334   6.291355834367689
4.933333333333334   4.898723064555249
4.933333333333334   5.830909249431149
4.933333333333334   5.7230543679535995
4.933333333333334   6.173287641127008
4.933333333333334   5.71953786552416
4.933333333333334   5.504000214573916
4.933333333333334   5.717999286426997
4.933333333333334   5.116552253541243
4.933333333333334   5.849568826234117
4.933333333333334   5.8478453903127425
4.933333333333334   6.285063742111365
4.933333333333334   5.834994381183738
4.933333333333334   5.720686550772267
4.933333333333334   5.3986780938730625
4.933333333333334   5.721399024605883
4.933333333333334   6.170128363195941
4.933333333333334   4.906737108046332
4.933333333333334   5.845871111946958
4.933333333333334   5.118630252204184
4.933333333333334   6.570540074214843
4.933333333333334   5.215523258114902
4.933333333333334   6.532233689275007
4.933333333333334   5.830742151521741
4.933333333333334   5.613115326862049
4.933333333333334   5.502618012015157
4.933333333333334   5.610506081081377
4.933333333333334   5.5022140532055435
4.933333333333334   5.719262191385742
4.933333333333334   5.849821105304485
4.933333333333334   5.116736037473052
4.933333333333334   6.5777862737438
4.933333333333334   5.118115174712498
4.933333333333334   6.532626960380417
4.933333333333334   5.833632015291862
4.933333333333334   5.717815618260127
4.933333333333334   5.404209284878596
4.933333333333334   5.717150039124795
4.933333333333334   5.506192019699856
4.933333333333334   5.71061658019953
4.933333333333334   5.85594565757357
4.933333333333334   5.115467905433348
4.933333333333334   6.577502741108834
4.933333333333334   5.119458213178211
4.933333333333334   6.532836737135324
4.933333333333334   5.833990474020313
4.933333333333334   4.807262889690256
4.933333333333334   6.291647659991994
4.933333333333334   5.718917748214652
4.933333333333334   5.400827755551739
4.933333333333334   5.719124420351764
4.933333333333334   5.849736975644414
4.933333333333334   5.117306008697112
4.933333333333334   6.578897045629303
4.933333333333334   5.116883119009515
4.933333333333334   6.662041544324457
4.933333333333334   5.000850044491179
4.933333333333334   5.610837588656023
4.933333333333334   6.284893868238644
4.933333333333334   5.6139561512752865
4.933333333333334   5.50293689226281
4.933333333333334   5.720158117330157
4.933333333333334   5.847425255425196
4.933333333333334   5.117489891677961
4.933333333333334   6.578660677314273
4.933333333333334   5.116846359053305
4.933333333333334   6.534200454404793
4.933333333333334   4.995324775636324
4.933333333333334   5.724457640922093
4.933333333333334   6.173568558889076
4.933333333333334   5.719446008576982
4.933333333333334   5.400438653252531
4.933333333333334   5.833894904056753
4.933333333333334   5.8483076545988295
4.933333333333334   5.502511709510099
4.933333333333334   6.1731939503922115
4.933333333333334   5.609489569016062
4.933333333333334   5.501236399737317
4.933333333333334   5.609820956473656
4.933333333333334   6.290820881133107
4.933333333333334   5.717861576230479
4.933333333333334   5.50523425404003
4.933333333333334   5.717218848241081
4.933333333333334   5.8337514966407245
4.933333333333334   5.718481408442593
4.933333333333334   5.403491676419471
4.933333333333334   5.712723962814221
4.933333333333334   6.180390168957765
4.933333333333334   4.902185419751791
4.933333333333334   5.95109604698272
4.933333333333334   5.848475782815342
4.933333333333334   5.848412778494436
4.933333333333334   5.502043985760279
4.933333333333334   5.831315115172295
4.933333333333334   5.611522961623733
4.933333333333334   6.288609072617208
4.933333333333334   4.808001360471558
4.933333333333334   6.291331492049655
4.933333333333334   5.719652718898239
4.933333333333334   5.11657060890071
4.933333333333334   5.847530296310616
4.933333333333334   5.841108871435228
4.933333333333334   5.8548502299448435
4.933333333333334   5.7155668784310425
4.933333333333334   5.954162522867734
4.933333333333334   5.60478736724206
4.933333333333334   6.295955338835115
4.933333333333334   4.807395451023315
4.933333333333334   6.286617325961537
4.933333333333334   5.717081119602255
4.933333333333334   5.12139126907491
4.933333333333334   5.84719415824825
4.933333333333334   5.848938198089398
4.933333333333334   5.847509267315096
4.933333333333334   5.716025625825142
4.933333333333334   5.83485091970911
4.933333333333334   5.720732554906459
4.933333333333334   5.40086875905845
4.933333333333334   5.715750346149992
4.933333333333334   6.2893137534169625
4.933333333333334   5.720387878516641
4.933333333333334   5.1194950106717965
4.933333333333334   6.290553408950797
4.933333333333334   5.399578747081657
4.933333333333334   5.606133181459349
4.933333333333334   6.293861606844927
4.933333333333334   5.606839500922272
4.933333333333334   5.5058727620999806
4.933333333333334   5.717081119601459
4.933333333333334   6.29235308137425
4.933333333333334   4.897661741679365
4.933333333333334   5.828022023742454
4.933333333333334   5.725907521004176
4.933333333333334   6.167673394407583
4.933333333333334   5.726598246449222
4.933333333333334   5.501958981927175
4.933333333333334   5.719675712560232
4.933333333333334   5.848685943853182
4.933333333333334   5.116699324511936
4.933333333333334   6.0585542485930395
4.933333333333334   5.833870982883165
4.933333333333334   5.603221789773337
4.933333333333334   6.293472198545847
4.933333333333334   5.72231852284726
4.933333333333334   5.401811061181936
4.933333333333334   5.7185732904692
4.933333333333334   5.1192190199027126
4.933333333333334   5.84587111194623
4.933333333333334   5.849505695710387
4.933333333333334   5.951879453396108
4.933333333333334   5.717815674304594
4.933333333333334   5.831720979118208
4.933333333333334   5.602670707964955
4.933333333333334   6.291380176874938
4.933333333333334   5.615350643623093
4.933333333333334   5.5052555560392
4.933333333333334   5.719193333075987
4.933333333333334   5.116000846344009
4.933333333333334   5.849568774909207
4.933333333333334   5.847110155412464
4.933333333333334   5.8488331066172465
4.933333333333334   5.715199866337247
4.933333333333334   5.835950757247986
4.933333333333334   5.718481408442593
4.933333333333334   5.504191748678761
4.933333333333334   5.608429208869777
4.933333333333334   6.289775518288498
4.933333333333334   5.719446008576185
4.933333333333334   5.117140498379019
4.933333333333334   5.848538891111063
4.933333333333334   5.848202637087835
4.933333333333334   5.848034524573706
4.933333333333334   5.716117372937638
4.933333333333334   5.83332137502365
4.933333333333334   5.7209853103286115
4.933333333333334   5.398105166377452
4.933333333333334   5.722824448665009
4.933333333333334   6.172491617686553
4.933333333333334   5.719124420353358
4.933333333333334   5.210009281675621
4.933333333333334   6.28601039272393
4.933333333333334   5.403081621359681
4.933333333333334   5.608053775377431
4.933333333333334   6.288924966983188
4.933333333333334   5.609356981843764
4.933333333333334   5.504447027026445
4.933333333333334   5.6097988915303265
4.933333333333334   6.287272997694567
4.933333333333334   5.833010826165549
4.933333333333334   4.999580185251318
4.933333333333334   5.717792695596808
4.933333333333334   6.176379772744863
4.933333333333334   5.719491936682953
4.933333333333334   5.401913508399645
4.933333333333334   5.717310633663961
4.933333333333334   5.849358601742612
4.933333333333334   5.208694453981285
4.933333333333334   5.8490643333671235
4.933333333333334   5.847635289676757
4.933333333333334   6.530268107764891
4.933333333333334   5.0018746025636265
4.933333333333334   5.610152437041568
4.933333333333334   6.290091529858458
4.933333333333334   5.71974458248452
4.933333333333334   5.398330216260458
4.933333333333334   5.720893406882608
4.933333333333334   5.847362222448674
4.933333333333334   5.119366244222817
4.933333333333334   5.84274435852647
4.933333333333334   5.851251063597112
4.933333333333334   5.717264740584138
4.933333333333334   5.952743948277112
4.933333333333334   5.610262993228142
4.933333333333334   6.288730562131007
4.933333333333334   5.609379043310142
4.933333333333334   5.505149151603742
4.933333333333334   5.7182977653578915
4.933333333333334   5.117085375539909
4.933333333333334   5.848706981312771
4.933333333333334   5.847845441608144
4.933333333333334   5.84887513249169
4.933333333333334   5.715658554814448
4.933333333333334   5.834372901895868
4.933333333333334   5.718665119386576
4.933333333333334   6.174739610767274
4.933333333333334   4.901358734082235
4.933333333333334   6.2918665321323655
4.933333333333334   5.716392743986932
4.933333333333334   5.117747332093348
4.933333333333334   6.288171737365539
4.933333333333334   5.400971170538186
4.933333333333334   5.611655651212148
4.933333333333334   6.285524823832603
4.933333333333334   5.610881842997762
4.933333333333334   5.504234284769894
4.933333333333334   5.720020247040993
4.933333333333334   6.288706240124781
4.933333333333334   5.716874595112916
4.933333333333334   5.001034463978224
4.933333333333334   5.718068172037475
4.933333333333334   6.1739666552525465
4.933333333333334   5.719308172611718
4.933333333333334   5.401647143710165
4.933333333333334   5.835376940690534
4.933333333333334   5.8479294655732
4.933333333333334   5.116092739291129
4.933333333333334   5.8491903714465785
4.933333333333334   6.2863502703819885
4.933333333333334   5.83410997005247
4.933333333333334   5.610285061821752
4.933333333333334   5.503149534239842
4.933333333333334   5.712196999326222
4.933333333333334   6.181822094348905
4.933333333333334   5.71770083865239
4.933333333333334   5.117324414357917
4.933333333333334   5.841255601957171
4.933333333333334   5.855461098868344
4.933333333333334   5.116276490212158
4.933333333333334   6.663678007081218
4.933333333333334   5.832533051472729
4.933333333333334   5.611323992986044
4.933333333333334   5.50325586139072
4.933333333333334   5.609909379831557
4.933333333333334   6.290869498693285
4.933333333333334   5.716461534873778
4.933333333333334   5.119200600611897
4.933333333333334   5.84780343053252
4.933333333333334   5.848034524573706
4.933333333333334   5.116037594152676
4.933333333333334   6.533964397989806
4.933333333333334   5.832031448951889
4.933333333333334   5.722272549337094
4.933333333333334   5.503085781453578
4.933333333333334   5.6097988915303265
4.933333333333334   6.281982969111534
4.933333333333334   5.724572691969215
4.933333333333334   5.118464656216988
4.933333333333334   6.286811600180666
4.933333333333334   5.401647143708744
4.933333333333334   5.609555864953072
4.933333333333334   6.289435270160822
4.933333333333334   4.902185371688773
4.933333333333334   6.17555961145659
4.933333333333334   5.718435552624219
4.933333333333334   5.5017039342968665
4.933333333333334   5.7172417663027115
4.933333333333334   5.833966552063803
4.933333333333334   5.721031319265635
4.933333333333334   5.501980206691689
4.933333333333334   5.605537463818039
4.933333333333334   6.296442461211078
4.933333333333334   5.716392687967968
4.933333333333334   5.119053385818762
4.933333333333334   5.846018133090801
4.933333333333334   6.059230890613035
4.933333333333334   5.833966552063803
4.933333333333334   5.720227054966299
4.933333333333334   5.402097903176678
4.933333333333334   5.715796214920533
4.933333333333334   6.176426694731672
4.933333333333334   5.716461590894091
4.933333333333334   5.119991940957221
4.933333333333334   5.843289707361021
4.933333333333334   5.851419412453546
4.933333333333334   5.209532828266721
4.933333333333334   6.532390953629348
4.933333333333334   5.833608096275765
4.933333333333334   5.6112355790047586
4.933333333333334   5.500259093631965
4.933333333333334   5.611147113834392
4.933333333333334   6.291380117501682
4.933333333333334   5.718045191300176
4.933333333333334   5.117618608648675
4.933333333333334   5.847110206694968
4.933333333333334   5.849295475757133
4.933333333333334   5.1158170703552
4.933333333333334   6.5339906541009345
4.933333333333334   5.832294193476396
4.933333333333334   5.7213760170868575
4.933333333333334   5.503596104730615
4.933333333333334   5.60990937983309
4.933333333333334   6.282395229899193
4.933333333333334   5.7268745720456335
4.933333333333334   5.116699324511936
4.933333333333334   5.848770043285054
4.933333333333334   5.848139587349085
4.933333333333334   5.116019197747394
4.933333333333334   6.533780803231702
4.933333333333334   5.833894845713635
4.933333333333334   5.720410878088285
4.933333333333334   5.395712306157309
4.933333333333334   5.724986869088945
4.933333333333334   6.174060369442902
4.933333333333334   4.900807749173239
4.933333333333334   5.954840939708295
4.933333333333334   6.28562195531497
4.933333333333334   5.401770093386186
4.933333333333334   5.609312805491686
4.933333333333334   6.290091529858458
4.933333333333334   4.808626337121451
4.933333333333334   6.28698157773904
4.933333333333334   5.613203854104594
4.933333333333334   5.603618646573152
4.933333333333334   5.720571655874374
4.933333333333334   5.832652487809415
4.933333333333334   5.71974458248452
4.933333333333334   5.400889211041841
4.933333333333334   5.72123814419719
4.933333333333334   6.173193950391399
4.933333333333334   5.720709552746476
4.933333333333334   5.20816113850573
4.933333333333334   5.848118553972515
4.933333333333334   5.848097572045609
4.933333333333334   5.848728018922243
4.933333333333334   5.716989341549179
4.933333333333334   5.831935943161695
4.933333333333334   5.607435549257198
4.933333333333334   5.5064262243806485
4.933333333333334   5.717218848241081
4.933333333333334   6.1724682436383915
4.933333333333334   5.721904675587102
4.933333333333334   5.1180416199198815
4.933333333333334   5.845556179402886
4.933333333333334   5.84914839236304
4.933333333333334   5.848034524573706
4.933333333333334   5.832867462207592
4.933333333333334   5.832365802171707
4.933333333333334   5.608871026311148
4.933333333333334   5.500471476842059
4.933333333333334   5.612739319747465
4.933333333333334   6.291477430035807
4.933333333333334   5.7180222107460015
4.933333333333334   5.1169566853909325
4.933333333333334   5.847278214784643
4.933333333333334   5.847299190829621
4.933333333333334   5.85043087384901
4.933333333333334   5.716484502885023
4.933333333333334   5.8293817703126685
4.933333333333334   5.7225024804188696
4.933333333333334   5.403430111638856
4.933333333333334   5.717287715048613
4.933333333333334   6.293618235863759
4.933333333333334   5.718251856430867
4.933333333333334   5.115394426711398
4.933333333333334   6.288827733392156
4.933333333333334   5.399762982495865
4.933333333333334   5.611213448956152
4.933333333333334   6.283801964988096
4.933333333333334   5.614088955958461
4.933333333333334   5.504340601902598
4.933333333333334   5.719124420351764
4.933333333333334   5.503149534239842
4.933333333333334   5.7158880106777055
4.933333333333334   5.835711619246793
4.933333333333334   5.717287715048613
4.933333333333334   6.174786450645284
4.933333333333334   4.893519175881433
4.933333333333334   6.183419049896453
4.933333333333334   5.835998633910939
4.933333333333334   5.115964054195569
4.933333333333334   5.846921132215982
4.933333333333334   5.8503046796267775
4.933333333333334   6.286034693881832
4.933333333333334   5.830813722109232
4.933333333333334   5.612031513139927
4.933333333333334   5.504915107493506
4.933333333333334   5.71623208897839
4.933333333333334   5.40306115277002
4.933333333333334   5.72006624045852
4.933333333333334   5.848328689337122
4.933333333333334   5.117655379700328
4.933333333333334   6.578400668702351
4.933333333333334   5.113576119732822
4.933333333333334   6.536877230725857
4.933333333333334   5.833225826981276
4.933333333333334   5.717769717073714
4.933333333333334   5.50666044898524
4.933333333333334   5.6104176389129865
4.933333333333334   5.502660523784697
4.933333333333334   5.72031893700412
4.933333333333334   5.846396074934858
4.933333333333334   5.5008751279384995
4.933333333333334   6.173521794654983
4.933333333333334   5.718940679898766
4.933333333333334   5.403245675953318
4.933333333333334   5.7185732904692
4.933333333333334   6.170596151661709
4.933333333333334   5.723468381546098
4.933333333333334   5.502362851380255
4.933333333333334   5.715658610819024
4.933333333333334   5.834396768832616
4.933333333333334   5.72201968016319
4.933333333333334   5.494572033169923
4.933333333333334   5.617521255520438
4.933333333333334   6.281231460552599
4.933333333333334   5.727542529933098
4.933333333333334   5.117600200871535
4.933333333333334   6.287078754249996
4.933333333333334   5.399722045758294
4.933333333333334   5.719262191385742
4.933333333333334   6.174341471906258
4.933333333333334   4.9002175559381635
4.933333333333334   6.176989241862049
4.933333333333334   5.719354098504812
4.933333333333334   6.287418747451259
4.933333333333334   4.901870436114065
4.933333333333334   5.834396768832616
4.933333333333334   5.716851623966901
4.933333333333334   6.29196385971452
4.933333333333334   4.807319694191696
4.933333333333334   6.2904075731825
4.933333333333334   5.717218848241081
4.933333333333334   5.117986432761894
4.933333333333334   5.84692113221744
4.933333333333334   5.849568774907748
4.933333333333334   5.849148341043319
4.933333333333334   5.7154063258388135
4.933333333333334   5.832270285428844
4.933333333333334   5.720663605085731
4.933333333333334   6.174880132531597
4.933333333333334   4.896090276071393
4.933333333333334   6.180836191914777
4.933333333333334   5.7171958743300735
4.933333333333334   5.209799612828201
4.933333333333334   5.848286671314991
4.933333333333334   5.845829129232987
4.933333333333334   5.850514972127882
4.933333333333334   5.716599233662166
4.933333333333334   5.831935943161695
4.933333333333334   5.610307184546491
4.933333333333334   5.502745549298841
4.933333333333334   5.719652662815363
4.933333333333334   6.170689763557961
4.933333333333334   5.723721434943013
4.933333333333334   5.117563430612809
4.933333333333334   5.8484337626810285
4.933333333333334   5.8478244103473624
4.933333333333334   5.847173182954646
4.933333333333334   5.832461380356851
4.933333333333334   5.8301692421852875
4.933333333333334   5.6120537036328475
4.933333333333334   5.497902196875427
4.933333333333334   5.6141332075723644
4.933333333333334   6.291380117501682
4.933333333333334   5.719239257121588
4.933333333333334   5.115357688141687
4.933333333333334   5.847278214784643
4.933333333333334   5.850304679625318
4.933333333333334   5.846060118520274
4.933333333333334   5.718711034949622
4.933333333333334   5.823375128929314
4.933333333333334   5.731045799828123
4.933333333333334   5.401012126216497
4.933333333333334   5.717953382290866
4.933333333333334   6.2904075731825
4.933333333333334   5.719400025133886
4.933333333333334   5.116460344086992
4.933333333333334   6.287588757842743
4.933333333333334   5.402077442039597
4.933333333333334   5.610660794132336
4.933333333333334   6.285791868550997
4.933333333333334   5.61351358639812
4.933333333333334   5.504276821516989
4.933333333333334   5.718182966393057
4.933333333333334   6.289799848568144
4.933333333333334   4.898526485025219
4.933333333333334   5.833178054133036
4.933333333333334   5.719790515385035
4.933333333333334   6.173404715670669
4.933333333333334   5.718688049044751
4.933333333333334   5.402999697885081
4.933333333333334   5.834946520998094
4.933333333333334   5.846018081827451
4.933333333333334   5.1179496569527805
4.933333333333334   5.847404278474288
4.933333333333334   5.849526739066161
4.933333333333334   5.715704478115631
4.933333333333334   5.832389711002364
4.933333333333334   5.611766158679049
4.933333333333334   6.286131781850657
4.933333333333334   5.7213760170868575
4.933333333333334   5.403696652205665
4.933333333333334   5.716736939084521
4.933333333333334   5.118427873532379
4.933333333333334   5.848055557347296
4.933333333333334   5.8484337626810285
4.933333333333334   5.848202637087835
4.933333333333334   5.829882858863906
4.933333333333334   5.829477192464469
4.933333333333334   5.614620129449092
4.933333333333334   6.289824179034334
4.933333333333334   5.609356981843764
4.933333333333334   5.501767655071275
4.933333333333334   5.71974458248452
4.933333333333334   5.118188776526063
4.933333333333334   5.8466900748843535
4.933333333333334   5.8484337626810285
4.933333333333334   5.845493237969679
4.933333333333334   5.722341537949564
4.933333333333334   5.831673230913783
4.933333333333334   5.719606788210844
4.933333333333334   6.174013540581449
4.933333333333334   4.9025594252703115
4.933333333333334   6.289386674767939
4.933333333333334   5.717471349301001
4.933333333333334   5.11837267804428
4.933333333333334   6.286933020255579
4.933333333333334   5.39941496505716
4.933333333333334   5.610859715740781
4.933333333333334   6.2901401954940726
4.933333333333334   5.718711034949622
4.933333333333334   5.402159387575404
4.933333333333334   5.718848842133076
4.933333333333334   6.290140136144219
4.933333333333334   5.719652718898239
4.933333333333334   4.996040338270172
4.933333333333334   5.723284361869854
4.933333333333334   6.171555479769978
4.933333333333334   5.720962362242975
4.933333333333334   5.503383428242574
4.933333333333334   5.720341936021389
4.933333333333334   5.8476353409684725
4.933333333333334   5.115412818622514
4.933333333333334   5.848139587349085
4.933333333333334   5.848517803553478
4.933333333333334   6.533649661290094
4.933333333333334   4.999600681892221
4.933333333333334   5.721008314704621
4.933333333333334   6.172725710832375
4.933333333333334   5.720732554904865
4.933333333333334   5.400991623297209
4.933333333333334   5.7163697767130275
4.933333333333334   5.851566661446646
4.933333333333334   5.208180157034581
4.933333333333334   6.057697484693404
4.933333333333334   5.829262409637595
4.933333333333334   5.614288120729563
4.933333333333334   6.288997879318835
4.933333333333334   4.807073581856495
4.933333333333334   6.292523358718932
4.933333333333334   5.71694345362724
4.933333333333334   5.119182181452352
4.933333333333334   5.846186078427187
4.933333333333334   5.84834972422527
4.933333333333334   5.844464686163445
4.933333333333334   5.722893450584174
4.933333333333334   5.833870924539696
4.933333333333334   5.718137059307724
4.933333333333334   6.173779349748525
4.933333333333334   4.900886433131985
4.933333333333334   6.291428803078693
4.933333333333334   5.719836505108178
4.933333333333334   5.11546790543271
4.933333333333334   6.288098903495837
4.933333333333334   5.399803919851305
4.933333333333334   5.611346069929115
4.933333333333334   6.289411002036029
4.933333333333334   5.7199283745997915
4.933333333333334   5.401360349579821
4.933333333333334   5.71813700325616
4.933333333333334   6.2894838663046615
4.933333333333334   5.72075555725142
4.933333333333334   4.999047881340525
4.933333333333334   5.718091096908829
4.933333333333334   6.2916476599928375
4.933333333333334   5.610506081081377
4.933333333333334   5.503021978229348
4.933333333333334   5.717379502682728
4.933333333333334   5.848770043285054
4.933333333333334   5.117784104997388
4.933333333333334   6.0574043369420325
4.933333333333334   5.834659726529803
4.933333333333334   5.717999286425403
4.933333333333334   6.170783321178939
4.933333333333334   5.723445357380247
4.933333333333334   5.4022823605745325
4.933333333333334   5.718527377116428
4.933333333333334   5.849337508273508
4.933333333333334   5.114880045059063
4.933333333333334   5.84948470383018
4.933333333333334   5.952793714844452
4.933333333333334   5.715566822429856
4.933333333333334   5.829691991121198
4.933333333333334   5.612075786318186
4.933333333333334   6.291063976447192
4.933333333333334   5.610240870850381
4.933333333333334   5.502384131165393
4.933333333333334   5.72185876484938
4.933333333333334   5.847173131671037
4.933333333333334   5.11717730745058
4.933333333333334   5.847404278474288
4.933333333333334   5.837107818844301
4.933333333333334   5.730746044926807
4.933333333333334   5.8306466296723185
4.933333333333334   5.722410528222338
4.933333333333334   6.172070340482355
4.933333333333334   4.900335602423777
4.933333333333334   6.291258525595026
4.933333333333334   5.719400025132292
4.933333333333334   5.848538891111063
4.933333333333334   5.1180783970519155
4.933333333333334   5.845052378405031
4.933333333333334   6.289653988398384
4.933333333333334   5.8331541388369565
4.933333333333334   5.718274782775103
4.933333333333334   5.402425802790654
4.933333333333334   5.718711034949622
4.933333333333334   5.403963269132483
4.933333333333334   5.719354098503218
4.933333333333334   5.8477823995724565
4.933333333333334   5.108770153908992
4.933333333333334   6.589598413793457
4.933333333333334   5.208561161379557
4.933333333333334   6.533780803231702
4.933333333333334   5.8308853527350415
4.933333333333334   4.810976261584634
4.933333333333334   6.286714491213254
4.933333333333334   5.6107049917193175
4.933333333333334   5.504021558955851
4.933333333333334   5.719836449023292
4.933333333333334   5.847047180510431
4.933333333333334   5.117526660881196
4.933333333333334   6.579795353976867
4.933333333333334   5.1138698831911436
4.933333333333334   6.536457171581583
4.933333333333334   5.834181681691098
4.933333333333334   4.900237245966205
4.933333333333334   6.175114406884219
4.933333333333334   5.720893406882608
4.933333333333334   5.497753639853549
4.933333333333334   5.72606872033773
4.933333333333334   5.848601898149938
4.933333333333334   5.116533853435162
4.933333333333334   6.5794407110459785
4.933333333333334   5.116368437935288
4.933333333333334   6.533046463343976
4.933333333333334   5.833249742863529
4.933333333333334   4.902027874813459
4.933333333333334   6.170479240729547
4.933333333333334   5.723468381546098
4.933333333333334   5.402364312326009
4.933333333333334   5.719583795104605
4.933333333333334   5.848139587349085
4.933333333333334   5.117306008697112
4.933333333333334   5.847320218314198
4.933333333333334   5.950160533100833
4.933333333333334   6.537507356574315
4.933333333333334   5.832270285428844
4.933333333333334   4.8067707480577
4.933333333333334   6.290480519900382
4.933333333333334   5.6088046926325905
4.933333333333334   5.506085631032796
4.933333333333334   5.716966369482617
4.933333333333334   5.849884139972714
4.933333333333334   5.11555982409601
4.933333333333334   5.84908532223029
4.933333333333334   5.8489591860480505
4.933333333333334   6.531735639442465
4.933333333333334   5.8336558761665955
4.933333333333334   4.904174490214699
4.933333333333334   6.171181115529157
4.933333333333334   5.722203562389655
4.933333333333334   5.50140641726072
4.933333333333334   5.719537865522566
4.933333333333334   5.848938146775553
4.933333333333334   5.502086540557383
4.933333333333334   6.165547262236821
4.933333333333334   5.613557882962102
4.933333333333334   5.506639136115492
4.933333333333334   5.7169893415475865
4.933333333333334   6.1744116943364205
4.933333333333334   4.902047627450912
4.933333333333334   6.288657655995234
4.933333333333334   5.7177008386539825
4.933333333333334   5.832437529251744
4.933333333333334   5.7211921319319226
4.933333333333334   5.397900564614201
4.933333333333334   5.722295564066399
4.933333333333334   6.290383238202707
4.933333333333334   4.903209275993258
4.933333333333334   5.848601898149938
4.933333333333334   5.117269242664549
4.933333333333334   6.576888456182169
4.933333333333334   5.502426639321193
4.933333333333334   5.832724163622175
4.933333333333334   5.710502033532393
4.933333333333334   5.4088273093996815
4.933333333333334   5.722065593483245
4.933333333333334   6.173802790902396
4.933333333333334   5.718596219390982
4.933333333333334   5.116736082355546
4.933333333333334   5.8444856932665905
4.933333333333334   5.9488339601311315
4.933333333333334   5.855355772866383
4.933333333333334   5.71788449944609
4.933333333333334   5.830264748390927
4.933333333333334   5.611014448294463
4.933333333333334   5.5047448730358095
4.933333333333334   5.607678392145458
4.933333333333334   6.290334628158118
4.933333333333334   5.717402478071135
4.933333333333334   5.11964225086707
4.933333333333334   5.842429762776923
4.933333333333334   5.850578073094666
4.933333333333334   5.8515035391534855
4.933333333333334   5.717654939307997
4.933333333333334   5.832055355043023
4.933333333333334   5.719124420353358
4.933333333333334   5.505191702492257
4.933333333333334   5.607104389660495
4.933333333333334   6.291988147544102
4.933333333333334   5.718412568932256
4.933333333333334   5.116405191024923
4.933333333333334   6.275032122830098
4.933333333333334   5.409957322609552
4.933333333333334   5.720755501146915
4.933333333333334   6.175301907808334
4.933333333333334   5.7185732904692
4.933333333333334   5.402938144314624
4.933333333333334   5.717861576229683
4.933333333333334   6.288997819990535
4.933333333333334   5.719974310452283
4.933333333333334   4.994364259481532
4.933333333333334   5.7198594441625445
4.933333333333334   6.2884875877956485
4.933333333333334   5.611257655250596
4.933333333333334   5.508108655141864
4.933333333333334   5.717838597152955
4.933333333333334   5.847110155412464
4.933333333333334   5.1173795423459
4.933333333333334   5.84948470383018
4.933333333333334   5.84898022547191
4.933333333333334   6.523803013520479
4.933333333333334   5.005648523964722
4.933333333333334   5.722341537947969
4.933333333333334   6.1687018494062835
4.933333333333334   5.717402478071135
4.933333333333334   5.407061227092321
4.933333333333334   5.831816536170207
4.933333333333334   5.84986314537621
4.933333333333334   5.501300161562521
4.933333333333334   6.172561855196809
4.933333333333334   5.60595668327118
4.933333333333334   5.505276806247076
4.933333333333334   5.608186300948166
4.933333333333334   5.506575250469373
4.933333333333334   5.719790571470614
4.933333333333334   6.289119324526192
4.933333333333334   5.717792695596808
4.933333333333334   5.832915229970201
4.933333333333334   5.719239257121588
4.933333333333334   5.397368702569138
4.933333333333334   5.723606361948477
4.933333333333334   5.402651213083207
4.933333333333334   5.832437529253402
4.933333333333334   5.848938146774095
4.933333333333334   5.117471484828059
4.933333333333334   6.577171993538342
4.933333333333334   5.503319670037004
4.933333333333334   5.834277261051689
4.933333333333334   5.607590039101881
4.933333333333334   5.501108932399168
4.933333333333334   5.721330058719699
4.933333333333334   6.173545176683064
4.933333333333334   5.720043243658099
4.933333333333334   5.1176553797016044
4.933333333333334   5.84713113025315
4.933333333333334   5.848854145135525
4.933333333333334   5.846963130616976
4.933333333333334   5.8334408436488125
4.933333333333334   5.828093527566802
4.933333333333334   5.612319085289941
4.933333333333334   5.504766119301403
4.933333333333334   5.608583807398378
4.933333333333334   6.292328731337741
4.933333333333334   5.717264740582546
4.933333333333334   5.1178392877920444
4.933333333333334   5.8486649578561725
4.933333333333334   5.84692113221744
4.933333333333334   5.844590628565109
4.933333333333334   5.720571655875968
4.933333333333334   5.832843607784452
4.933333333333334   5.721697802462886
4.933333333333334   5.399619681643636
4.933333333333334   5.721215137972841
4.933333333333334   6.289338020789591
4.933333333333334   5.717930458522149
4.933333333333334   5.11872219471718
4.933333333333334   6.287540190979758
4.933333333333334   5.398964653196456
4.933333333333334   5.6106829198219215
4.933333333333334   6.291307149919989
4.933333333333334   4.902264147952901
4.933333333333334   6.173357839589707
4.933333333333334   5.717930458522149
4.933333333333334   6.2916476599928375
4.933333333333334   4.899568497942133
4.933333333333334   5.832891375153038
4.933333333333334   5.717471349302595
4.933333333333334   6.170058123952797
4.933333333333334   4.906066633000265
4.933333333333334   6.289921384096741
4.933333333333334   5.719675712558638
4.933333333333334   5.850409823987593
4.933333333333334   5.116019197747394
4.933333333333334   6.05932115401277
4.933333333333334   5.8324136200306995
4.933333333333334   5.719859444160951
4.933333333333334   5.402815191501628
4.933333333333334   5.711715880426583
4.933333333333334   6.18067184811451
4.933333333333334   5.71669099919112
4.933333333333334   5.117747332093348
4.933333333333334   5.84952673906762
4.933333333333334   5.952488947537722
4.933333333333334   5.848601898149938
4.933333333333334   5.7151310498164305
4.933333333333334   5.830121519387597
4.933333333333334   5.613071145304322
4.933333333333334   5.502554167733823
4.933333333333334   5.6098430755391435
4.933333333333334   6.29266929260891
4.933333333333334   5.718412568932256
4.933333333333334   5.115780325715713
4.933333333333334   5.848475782815342
4.933333333333334   5.846291074796002
4.933333333333334   5.845052378405031
4.933333333333334   5.722824448665009
4.933333333333334   5.832246377575646
4.933333333333334   5.721789787876986
4.933333333333334   5.502745549298841
4.933333333333334   5.609975685691327
4.933333333333334   6.287685893822989
4.933333333333334   5.72123814419719
4.933333333333334   5.117085375539909
4.933333333333334   6.284481279464755
4.933333333333334   5.4019135084010665
4.933333333333334   5.720870403429089
4.933333333333334   6.171087488722778
4.933333333333334   5.720709552748071
4.933333333333334   5.40349162636534
4.933333333333334   5.7172877150502055
4.933333333333334   6.290164469244801
4.933333333333334   4.900886433130619
4.933333333333334   5.831529990998379
4.933333333333334   5.719905378906305
4.933333333333334   6.2940563290664135
4.933333333333334   5.605912560462124
4.933333333333334   5.503872619127668
4.933333333333334   5.719767576885125
4.933333333333334   5.117600200871535
4.933333333333334   6.287200184642881
4.933333333333334   6.1728896323221525
4.933333333333334   4.903012336253673
4.933333333333334   6.172959821733317
4.933333333333334   5.71508519172101
4.933333333333334   5.405378441123421
4.933333333333334   5.71770083865239
4.933333333333334   6.28950819432969
4.933333333333334   5.7201121785254045
4.933333333333334   5.95053033744611
4.933333333333334   4.808929451032361
4.933333333333334   6.289775518290185
4.933333333333334   5.610064059975027
4.933333333333334   5.5005777523983355
4.933333333333334   5.723560367741289
4.933333333333334   5.847026154990999
4.933333333333334   5.116589009271151
4.933333333333334   6.579535255667261
4.933333333333334   5.117342775257984
4.933333333333334   6.532443440774521
4.933333333333334   5.833894845711977
4.933333333333334   4.902520104180723
4.933333333333334   6.174271136708087
4.933333333333334   5.718619204557649
4.933333333333334   5.4019340183215965
4.933333333333334   5.832652487807757
4.933333333333334   5.849085270913135
4.933333333333334   5.117986432761894
4.933333333333334   6.813869877435931
4.933333333333334   5.0005427589104094
4.933333333333334   5.61061659724167
4.933333333333334   6.289824179036021
4.933333333333334   5.711670021194627
4.933333333333334   5.4076772144494925
4.933333333333334   5.719928318513104
4.933333333333334   5.846669103206395
4.933333333333334   5.118924596664578
4.933333333333334   5.8452833063123215
4.933333333333334   5.848917158967162
4.933333333333334   6.5367984575123685
4.933333333333334   5.10041196333423
4.933333333333334   5.60706019488655
4.933333333333334   6.292328731337741
4.933333333333334   5.609997752026212
4.933333333333334   5.501682659774021
4.933333333333334   5.719514929050642
4.933333333333334   5.848706981312771
4.933333333333334   5.117692151281676
4.933333333333334   5.847614311218878
4.933333333333334   5.849736975644414
4.933333333333334   5.7152916429389435
4.933333333333334   5.831792632038563
4.933333333333334   5.722985418299843
4.933333333333334   6.170947082401614
4.933333333333334   5.715062234952827
4.933333333333334   5.506660448986717
4.933333333333334   5.722157590725069
4.933333333333334   5.1143289982083235
4.933333333333334   5.849568826234846
4.933333333333334   5.848370707960114
4.933333333333334   6.287273056988643
4.933333333333334   5.833632015292691
4.933333333333334   5.612407533421072
4.933333333333334   5.50223527993807
4.933333333333334   5.718986655958333
4.933333333333334   6.172398008258518
4.933333333333334   4.90281541233381
4.933333333333334   5.846732121241905
4.933333333333334   5.1172876031699825
4.933333333333334   6.576864867621924
4.933333333333334   5.1206546497713346
4.933333333333334   6.662886944161087
4.933333333333334   5.832031448953546
4.933333333333334   5.612363309007032
4.933333333333334   5.502681753963681
4.933333333333334   5.608959365794468
4.933333333333334   5.505149099650006
4.933333333333334   5.716920537955574
4.933333333333334   5.849148341044779
4.933333333333334   5.11752666087992
4.933333333333334   6.577809926605903
4.933333333333334   5.118391046467447
4.933333333333334   6.531814290682952
4.933333333333334   5.833225826981276
4.933333333333334   5.721835753631901
4.933333333333334   5.401094039436555
4.933333333333334   5.718734021039274
4.933333333333334   5.401503742838142
4.933333333333334   5.820852203829129
4.933333333333334   5.860753204192332
4.933333333333334   5.117195712185583
4.933333333333334   6.5776208238573695
4.933333333333334   5.117839287790768
4.933333333333334   6.533544777136982
4.933333333333334   5.832556903359099
4.933333333333334   5.610727117755959
4.933333333333334   5.504106626534687
4.933333333333334   5.71880292435551
4.933333333333334   5.401585670969553
4.933333333333334   5.71910143112364
4.933333333333334   5.8485598762033835
4.933333333333334   5.115780325714438
4.933333333333334   6.5817110519860424
4.933333333333334   5.205515104638148
4.933333333333334   6.534462851830517
4.933333333333334   5.000460792461174
4.933333333333334   5.608826803685464
4.933333333333334   6.287637384758657
4.933333333333334   5.612717177837676
4.933333333333334   5.503532341597147
4.933333333333334   5.7197215882703905
4.933333333333334   5.847194158247522
4.933333333333334   5.1183359415934575
4.933333333333334   6.580055415120857
4.933333333333334   5.1172140721620964
4.933333333333334   6.531342475646173
4.933333333333334   4.99722653927089
4.933333333333334   5.723307384740421
4.933333333333334   6.172491674837053
4.933333333333334   5.718297709301584
4.933333333333334   5.504872508930608
4.933333333333334   5.720433821748273
4.933333333333334   5.847635340969931
4.933333333333334   5.501725208984247
4.933333333333334   6.171251266088534
4.933333333333334   5.611191319083634
4.933333333333334   5.502660523786172
4.933333333333334   5.608318778864813
4.933333333333334   6.293764220542721
4.933333333333334   5.716920537957167
4.933333333333334   5.504170402976093
4.933333333333334   5.717815674306187
4.933333333333334   5.8335125388387645
4.933333333333334   5.7201351197893775
4.933333333333334   5.400254371730288
4.933333333333334   5.715589783250377
4.933333333333334   6.2922313924689615
4.933333333333334   5.72061760205967
4.933333333333334   5.116221385985907
4.933333333333334   5.84948470383018
4.933333333333334   5.848328740641003
4.933333333333334   5.500811427836567
4.933333333333334   5.834420635962973
4.933333333333334   5.719101487195706
4.933333333333334   6.172187368857026
4.933333333333334   4.904529122731147
4.933333333333334   6.172281029041062
4.933333333333334   5.717356527478973
4.933333333333334   5.1176737878744225
4.933333333333334   5.850157494137665
4.933333333333334   5.951792362629755
4.933333333333334   5.844800510469879
4.933333333333334   5.719377089764293
4.933333333333334   5.834133834838087
4.933333333333334   5.605758109160284
4.933333333333334   6.293861606844083
4.933333333333334   4.808683173851024
4.933333333333334   6.287904549708796
4.933333333333334   5.718963667836147
4.933333333333334   5.117931246794045
4.933333333333334   5.849232453773617
4.933333333333334   5.847803379236397
4.933333333333334   5.8479294655732
4.933333333333334   5.713365680516103
4.933333333333334   5.8365486880052675
4.933333333333334   5.7205027660316246
4.933333333333334   5.501958981927175
4.933333333333334   5.6104176389129865
4.933333333333334   6.29120996139003
4.933333333333334   5.718734021040867
4.933333333333334   5.1173795423459
4.933333333333334   6.285937549644761
4.933333333333334   5.4019135084010665
4.933333333333334   5.719583795103011
4.933333333333334   6.1692396405972
4.933333333333334   5.723974454549906
4.933333333333334   5.400254371730288
4.933333333333334   5.7211921319319226
4.933333333333334   6.288973555243156
4.933333333333334   4.900237245966205
4.933333333333334   5.8321031095034845
4.933333333333334   5.721513896623323
4.933333333333334   6.284772526915674
4.933333333333334   5.614088955958461
4.933333333333334   5.5024478676940065
4.933333333333334   5.720640659582467
4.933333333333334   5.847089129438666
4.933333333333334   5.117710559720305
4.933333333333334   5.84706815489931
4.933333333333334   5.8490853222317485
4.933333333333334   5.716071499012442
4.933333333333334   5.833655934507422
4.933333333333334   5.719859444160951
4.933333333333334   6.171555422636813
4.933333333333334   5.721467992156334
4.933333333333334   5.398841831195056
4.933333333333334   5.836094272812615
4.933333333333334   5.847803379236397
4.933333333333334   5.117250882292144
4.933333333333334   5.847320218314198
4.933333333333334   5.849989269219133
4.933333333333334   5.716645116056788
4.933333333333334   5.8316971340699135
4.933333333333334   5.612120006199535
4.933333333333334   6.289848450347781
4.933333333333334   5.7179304585237425
4.933333333333334   5.400070052794202
4.933333333333334   5.720870403429089
4.933333333333334   5.847425255425196
4.933333333333334   5.118630252204184
4.933333333333334   5.845913095263945
4.933333333333334   5.955124137778989
4.933333333333334   5.717287715048613
4.933333333333334   5.832318043409203
4.933333333333334   5.608230459558298
4.933333333333334   6.291915225239582
4.933333333333334   5.610064059975027
4.933333333333334   5.50278806303905
4.933333333333334   5.717471293262489
4.933333333333334   5.118777442660848
4.933333333333334   5.847866421725889
4.933333333333334   5.846543071213577
4.933333333333334   5.850620124047848
4.933333333333334   5.717264740582546
4.933333333333334   5.830479546815112
4.933333333333334   5.720227054966299
4.933333333333334   6.173755908774283
4.933333333333334   5.720089181355607
4.933333333333334   5.501193909967273
4.933333333333334   5.722341537949564
4.933333333333334   5.116258136961614
4.933333333333334   6.288997819992222
4.933333333333334   6.17005818105662
4.933333333333334   4.8081149594898545
4.933333333333334   6.292474715594216
4.933333333333334   5.718917692147783
4.933333333333334   5.401401311159251
4.933333333333334   5.719147409766303
4.933333333333334   6.2791475084001735
4.933333333333334   5.726644345710879
4.933333333333334   4.999825906063107
4.933333333333334   5.721766833338644
4.933333333333334   6.171649063642683
4.933333333333334   5.720249997151737
4.933333333333334   5.502001483515777
4.933333333333334   5.721077216725838
4.933333333333334   5.848580912754603
4.933333333333334   5.499706818485933
4.933333333333334   6.169847701320134
4.933333333333334   5.612341170063815
4.933333333333334   5.504255527092825
4.933333333333334   5.72047976571949
4.933333333333334   6.169356561651522
4.933333333333334   4.904785363650116
4.933333333333334   6.290480460544105
4.933333333333334   5.717861576229683
4.933333333333334   5.831291215151032
4.933333333333334   5.71910143112364
4.933333333333334   5.5048299629732185
4.933333333333334   5.607744645278987
4.933333333333334   6.290674973602969
4.933333333333334   4.901968858145268
4.933333333333334   5.848791081349652
4.933333333333334   5.116791197668207
4.933333333333334   6.819300369423184
4.933333333333334   5.830956926838928
4.933333333333334   5.721399024605085
4.933333333333334   5.395712306157309
4.933333333333334   5.72459566902776
4.933333333333334   5.402384825669903
4.933333333333334   5.7194459524989565
4.933333333333334   5.847404278474288
4.933333333333334   5.116239738972782
4.933333333333334   6.580835837398773
4.933333333333334   5.208865986389034
4.933333333333334   6.534043038872799
4.933333333333334   5.82685363901255
4.933333333333334   5.615394969184585
4.933333333333334   5.502703036214062
4.933333333333334   5.609975631740195
4.933333333333334   5.504234284769894
4.933333333333334   5.716897510414676
4.933333333333334   5.849379592719208
4.933333333333334   5.1169750885376875
4.933333333333334   6.5792988414921
4.933333333333334   5.1148433138774925
4.933333333333334   6.537244778690299
4.933333333333334   5.8308137221075755
4.933333333333334   5.722479464025128
4.933333333333334   5.501236399736579
4.933333333333334   5.606552543912404
4.933333333333334   5.5076613520682
4.933333333333334   5.719583795104605
4.933333333333334   5.848643920700352
4.933333333333334   5.117195712184308
4.933333333333334   6.5767466966720285
4.933333333333334   5.118630252204184
4.933333333333334   6.531840465518335
4.933333333333334   5.833632015292691
4.933333333333334   4.9031896101571215
4.933333333333334   6.172772520159844
4.933333333333334   5.7205946569254404
4.933333333333334   5.402056931031382
4.933333333333334   5.716828709032996
4.933333333333334   5.843898166194925
4.933333333333334   5.213461284542743
4.933333333333334   6.5789443097883415
4.933333333333334   5.117710559720305
4.933333333333334   6.531552169912712
4.933333333333334   4.99996925018916
4.933333333333334   5.611545094113018
4.933333333333334   6.289556791600456
4.933333333333334   5.610373445853039
4.933333333333334   5.501597667105814
4.933333333333334   5.719354098504812
4.933333333333334   5.849947227332427
4.933333333333334   5.11548634273405
4.933333333333334   6.580575656825626
4.933333333333334   5.114659621037822
4.933333333333334   6.536457171581583
4.933333333333334   4.999703067634863
4.933333333333334   5.722065649611855
4.933333333333334   6.288147478990568
4.933333333333334   5.605118253198763
4.933333333333334   5.508556082893183
4.933333333333334   5.719377089765887
4.933333333333334   5.845997063707013
4.933333333333334   5.502766832041223
4.933333333333334   6.170923720048064
4.933333333333334   5.720962306136008
4.933333333333334   5.4007048987689705
4.933333333333334   5.721330058718105
4.933333333333334   6.169707351407023
4.933333333333334   5.723537398996035
4.933333333333334   5.499006029520853
4.933333333333334   5.72181279872475
4.933333333333334   5.831649327956915
4.933333333333334   5.720410878089879
4.933333333333334   5.500853911697673
4.933333333333334   5.612363309007032
4.933333333333334   6.291404460196844
4.933333333333334   5.718756951249992
4.933333333333334   5.116258181837
4.933333333333334   5.849232402452421
4.933333333333334   6.05733675076226
4.933333333333334   5.836500860714734
4.933333333333334   5.717746794779222
4.933333333333334   5.398493932481146
4.933333333333334   5.722364497097742
4.933333333333334   5.400848257227625
4.933333333333334   5.719101487194113
4.933333333333334   5.8415490851191265
4.933333333333334   5.123196691119458
4.933333333333334   6.697358308276491
4.933333333333334   5.117214117052978
4.933333333333334   6.532522045048143
4.933333333333334   5.832700252047731
4.933333333333334   4.809422034826116
4.933333333333334   6.289046409376239
4.933333333333334   5.608959365794468
4.933333333333334   5.504808664268966
4.933333333333334   5.717356583515237
4.933333333333334   5.84954773124953
4.933333333333334   5.117158947737881
4.933333333333334   6.577738968534002
4.933333333333334   5.1190902224141945
4.933333333333334   6.533282453437793
4.933333333333334   5.832222528230614
4.933333333333334   4.9013390350405
4.933333333333334   6.291064035812793
4.933333333333334   5.60476534187859
4.933333333333334   5.509578958700009
4.933333333333334   5.716668085544863
4.933333333333334   5.849526739066161
4.933333333333334   5.118851018605136
4.933333333333334   6.572662692134359
4.933333333333334   5.120783570947829
4.933333333333334   6.5354073239343915
4.933333333333334   5.83179269034047
4.933333333333334   4.895069342524952
4.933333333333334   6.182690937214944
4.933333333333334   5.720043187569158
4.933333333333334   5.40033631196143
4.933333333333334   5.720686550771469
4.933333333333334   5.847782399573915
4.933333333333334   5.60560366636894
4.933333333333334   6.173170513862297
4.933333333333334   5.611721998358408
4.933333333333334   5.503723739283828
4.933333333333334   5.607214771846562
4.933333333333334   6.290286018864809
4.933333333333334   5.610572347084692
4.933333333333334   5.503340957222107
4.933333333333334   5.828928412132208
4.933333333333334   5.8337514966407245
4.933333333333334   5.7210542679044805
4.933333333333334   5.401442273361377
4.933333333333334   5.720158117330157
4.933333333333334   6.164263018636151
4.933333333333334   5.728440995944178
4.933333333333334   5.116919879493265
4.933333333333334   5.952532476221581
4.933333333333334   5.848770043285054
4.933333333333334   5.115357688141687
4.933333333333334   6.5350924482113015
4.933333333333334   5.833536457073742
4.933333333333334   5.6087826356837684
4.933333333333334   5.502873092491719
4.933333333333334   5.61092604406742
4.933333333333334   6.289629718585694
4.933333333333334   4.902559473341348
4.933333333333334   5.84908532223029
4.933333333333334   5.846249034780239
4.933333333333334   5.849022253459128
4.933333333333334   5.116864761408403
4.933333333333334   6.533754548807067
4.933333333333334   5.83205535504468
4.933333333333334   5.718205948237803
4.933333333333334   5.504532055813994
4.933333333333334   5.609953565580859
4.933333333333334   6.291939572074132
4.933333333333334   4.902342878684822
4.933333333333334   5.846900107603058
4.933333333333334   5.848370707960114
4.933333333333334   5.848454798326483
4.933333333333334   5.116662567197724
4.933333333333334   6.532731815064881
4.933333333333334   5.835209528253663
4.933333333333334   5.721536905250483
4.933333333333334   5.398473448674703
4.933333333333334   5.7216288854928505
4.933333333333334   6.1716724886207714
4.933333333333334   4.901417736061586
4.933333333333334   5.952967904384827
4.933333333333334   5.118115174712498
4.933333333333334   6.577266472970435
4.933333333333334   5.118427873533656
4.933333333333334   6.532364710374874
4.933333333333334   5.832580813756561
4.933333333333334   5.609931499595111
4.933333333333334   5.5065114182850365
4.933333333333334   5.717654939307997
4.933333333333334   6.1733110213830455
4.933333333333334   4.901437435735943
4.933333333333334   5.8484127784937066
4.933333333333334   5.117397948534398
4.933333333333334   6.580244600151243
4.933333333333334   5.114843313876218
4.933333333333334   6.535302383344729
4.933333333333334   5.95247023943552
4.933333333333334   4.808683173851024
4.933333333333334   6.288001695444916
4.933333333333334   5.61019668057517
4.933333333333334   6.2921097676556474
4.933333333333334   4.899411217175095
4.933333333333334   5.849800059831457
4.933333333333334   5.116625765529786
4.933333333333334   6.581048743468366
4.933333333333334   5.117269197773977
4.933333333333334   6.5349088541142155
4.933333333333334   5.83277187071128
4.933333333333334   4.900237245966205
4.933333333333334   6.175301907808334
4.933333333333334   5.715176908649382
4.933333333333334   5.402077392013085
4.933333333333334   5.837744917164658
4.933333333333334   5.847236211857081
4.933333333333334   5.5008539116991475
4.933333333333334   6.173311021379796
4.933333333333334   5.608650081929743
4.933333333333334   5.503574867495651
4.933333333333334   5.609202340688279
4.933333333333334   6.291744980803682
4.933333333333334   5.713021835289285
4.933333333333334   5.504191748680237
4.933333333333334   5.719951314387852
4.933333333333334   5.834827049057438
4.933333333333334   5.7189865998885185
4.933333333333334   5.404250289682618
4.933333333333334   5.717356583513644
4.933333333333334   6.173076883843199
4.933333333333334   5.834468487522
4.933333333333334   5.1179680223398565
4.933333333333334   5.847845441609602
4.933333333333334   5.848202637086376
4.933333333333334   5.845535164603654
4.933333333333334   5.717356583516829
4.933333333333334   5.833178054133036
4.933333333333334   5.609820956474422
4.933333333333334   5.503702501063825
4.933333333333334   5.721973655329516
4.933333333333334   6.173732525148276
4.933333333333334   5.71522276821511
4.933333333333334   5.120249678120793
4.933333333333334   5.84732021831274
4.933333333333334   5.8479294655746585
4.933333333333334   5.84692113221744
4.933333333333334   5.830097629146059
4.933333333333334   5.834970450995263
