0.0   0.33881991606397943
1.2666666666666666   0.0
2.6   0.0
4.0   1.6657558147296136
4.933333333333334   3.335512423599667
4.933333333333334   4.167340900751003
4.933333333333334   5.100966074005148
4.933333333333334   5.000153604718729
4.933333333333334   5.823660873225601
4.933333333333334   5.004150542542999
4.933333333333334   5.834492355239701
4.933333333333334   5.8188544523651515
4.933333333333334   5.8507673328163134
4.933333333333334   4.999395922990626
4.933333333333334   5.837098904207431
4.933333333333334   5.833345291691182
4.933333333333334   5.834779191617008
4.933333333333334   5.829954466623102
4.933333333333334   5.832819695230975
4.933333333333334   5.001013955579501
4.933333333333334   5.834516223152419
4.933333333333334   5.8349226495646125
4.933333333333334   5.952719103271251
4.933333333333334   5.829238584689522
4.933333333333334   5.8365247450639215
4.933333333333334   5.8331541388382
4.933333333333334   5.0003174701561734
4.933333333333334   5.8331541388382
4.933333333333334   5.830431760663314
4.933333333333334   5.833847120249206
4.933333333333334   5.833464702958454
4.933333333333334   5.836955397635767
4.933333333333334   5.833536398735383
4.933333333333334   5.8290954643488515
4.933333333333334   5.003350643859178
4.933333333333334   5.8344684291662166
4.933333333333334   5.83219867908032
4.933333333333334   5.833655876166751
4.933333333333334   5.832628576822385
4.933333333333334   5.950505510914456
4.933333333333334   5.831912038050544
4.933333333333334   5.002735545823827
4.933333333333334   5.835257334381625
4.933333333333334   5.828618330820775
4.933333333333334   5.835663805674163
4.933333333333334   5.836405150091902
4.933333333333334   5.8331541388382
4.933333333333334   5.832509199783408
4.933333333333334   4.997697061194189
4.933333333333334   5.835329074230036
4.933333333333334   5.8300260761408484
4.933333333333334   5.835568180879568
4.933333333333334   5.835663805674111
4.933333333333334   5.829715819775673
4.933333333333334   5.835998575522831
4.933333333333334   5.10412267338265
4.933333333333334   5.832795841196565
4.933333333333334   5.833751438298919
4.933333333333334   5.829668104402703
4.933333333333334   5.8342772610514295
4.933333333333334   5.835329074229984
4.933333333333334   5.832915229969683
4.933333333333334   4.999928301028155
4.933333333333334   5.831577736855648
4.933333333333334   5.835113918345522
4.933333333333334   5.834492355239701
4.933333333333334   5.829787423430917
4.933333333333334   5.835783370265642
4.933333333333334   5.836357325154224
4.933333333333334   5.827950463446785
4.933333333333334   5.001567191063665
4.933333333333334   5.834372843542826
4.933333333333334   5.953614930202016
4.933333333333334   5.82771198063391
4.933333333333334   5.839300689887373
4.933333333333334   5.834086047115149
4.933333333333334   5.833464761294421
4.933333333333334   4.999785009244595
4.933333333333334   5.830718197914398
4.933333333333334   5.834659726528973
4.933333333333334   5.8336080962746255
4.933333333333334   5.834587944779077
4.933333333333334   5.832031507260332
4.933333333333334   5.831935943162006
4.933333333333334   5.0023254810696
4.933333333333334   5.834588003137511
4.933333333333334   5.830049907525908
4.933333333333334   5.833464761294421
4.933333333333334   5.8325329931560175
4.933333333333334   5.832150923055179
4.933333333333334   5.958172965277718
4.933333333333334   4.997492508134054
4.933333333333334   5.83485091970911
4.933333333333334   5.817689740152686
4.933333333333334   5.850334698483883
4.933333333333334   5.83377535849226
4.933333333333334   5.835424749563534
4.933333333333334   5.832222528230614
4.933333333333334   5.000829537603684
4.933333333333334   5.828546755881003
4.933333333333334   5.836955339230043
4.933333333333334   5.8336797955763755
4.933333333333334   5.831768786403274
4.933333333333334   5.832939143306072
4.933333333333334   5.834994322817278
4.933333333333334   5.834014396173939
4.933333333333334   5.001854087273051
4.933333333333334   5.83124341569313
4.933333333333334   5.95321677186635
4.933333333333334   5.830002186683884
4.933333333333334   5.835352948989009
4.933333333333334   5.832031448952924
4.933333333333334   5.834205547062677
4.933333333333334   5.82344657690742
4.933333333333334   5.009202004265859
4.933333333333334   5.834826990694637
4.933333333333334   5.834372843542877
4.933333333333334   5.830217024031873
4.933333333333334   5.83547250084266
4.933333333333334   5.8299782974227
4.933333333333334   5.8349226495646125
4.933333333333334   5.002797063838429
4.933333333333334   5.832365802170361
4.933333333333334   5.827950463446785
4.933333333333334   5.838678292989889
4.933333333333334   5.833225826981379
4.933333333333334   5.954311850652505
4.933333333333334   5.830073797373963
4.933333333333334   5.000010200020782
4.933333333333334   5.832533051473351
4.933333333333334   5.834444561644579
4.933333333333334   5.832127016181283
4.933333333333334   5.836835726611103
4.933333333333334   5.830073797373963
4.933333333333334   5.837098845798757
4.933333333333334   4.997410691598346
4.933333333333334   5.835950757247986
4.933333333333334   5.83410997005247
4.933333333333334   5.833655934506592
4.933333333333334   5.8283320416083555
4.933333333333334   5.8381995894552015
4.933333333333334   5.834803120239272
4.933333333333334   4.9999488005243276
4.933333333333334   5.949212935786373
4.933333333333334   5.836692174579004
4.933333333333334   5.832652487808482
4.933333333333334   5.83463579908276
4.933333333333334   5.829787423430917
4.933333333333334   5.833416926197881
4.933333333333334   4.991137835482055
4.933333333333334   5.844908473175394
4.933333333333334   5.83571161924669
4.933333333333334   5.832891375153866
4.933333333333334   5.830813722107679
4.933333333333334   5.834325051905754
4.933333333333334   5.8347313933224125
4.933333333333334   5.834659668169104
4.933333333333334   4.999498300345541
4.933333333333334   5.832198679080423
4.933333333333334   5.83262857682223
4.933333333333334   5.832795782873977
4.933333333333334   5.956104794185543
4.933333333333334   5.832031448952924
4.933333333333334   5.821827771544979
4.933333333333334   5.008256662015584
4.933333333333334   5.830598840783068
4.933333333333334   5.837194579175547
4.933333333333334   5.832485289972166
4.933333333333334   5.833727576642961
4.933333333333334   5.833345291691259
4.933333333333334   5.833010767837833
4.933333333333334   5.001936099406008
4.933333333333334   5.833321375024479
4.933333333333334   5.831721037418061
4.933333333333334   5.832628576822437
4.933333333333334   5.836692174579004
4.933333333333334   5.832771929035255
4.933333333333334   5.831004721597669
4.933333333333334   5.103055803711534
4.933333333333334   5.834038260176312
4.933333333333334   5.8320792613297305
4.933333333333334   5.8376491657381395
4.933333333333334   5.830002186683884
4.933333333333334   5.827306616284633
4.933333333333334   5.838319257979546
4.933333333333334   5.836381266722221
4.933333333333334   5.002038530782966
4.933333333333334   5.83138669982523
4.933333333333334   5.833488679136781
4.933333333333334   5.831577736855545
4.933333333333334   5.832079203021679
4.933333333333334   5.83544862510541
4.933333333333334   5.82606700430488
4.933333333333334   5.002940578383663
4.933333333333334   5.839516154642801
4.933333333333334   5.951748913085644
4.933333333333334   5.8347313933224125
4.933333333333334   5.83258075543848
4.933333333333334   5.829357886135796
4.933333333333334   5.832556961676081
4.933333333333334   5.835089987174123
4.933333333333334   5.003207105786786
4.933333333333334   5.830384033570057
4.933333333333334   5.817547186341297
4.933333333333334   5.842462707134827
4.933333333333334   5.8401387886624745
4.933333333333334   5.833727576642961
4.933333333333334   5.833823199467219
4.933333333333334   5.001116349191549
4.933333333333334   5.83410997005247
4.933333333333334   5.828880709648154
4.933333333333334   5.837744917167149
4.933333333333334   5.950629827752279
4.933333333333334   5.822851269392254
4.933333333333334   5.847620356340498
4.933333333333334   4.995038627932307
4.933333333333334   5.8365008023188585
4.933333333333334   5.8233989059696025
4.933333333333334   5.845340305307971
4.933333333333334   5.832031448952924
4.933333333333334   5.827354293008088
4.933333333333334   5.83965984562022
4.933333333333334   4.999703067634863
4.933333333333334   5.82535213488033
4.933333333333334   5.844980391961257
4.933333333333334   5.830002186683884
4.933333333333334   5.829859028845026
4.933333333333334   5.836022514147784
4.933333333333334   5.830789826195283
4.933333333333334   5.1059800799582415
4.933333333333334   5.831124037058217
4.933333333333334   5.834133893185986
4.933333333333334   5.8355203112804785
4.933333333333334   5.832031507260228
4.933333333333334   5.837146741299444
4.933333333333334   5.8327480170697985
4.933333333333334   5.000215009245352
4.933333333333334   5.833225826981483
4.933333333333334   5.831028560984333
4.933333333333334   5.829238584689444
4.933333333333334   5.829882858864527
4.933333333333334   5.840929228157442
4.933333333333334   5.835281266925868
4.933333333333334   4.996060755975613
4.933333333333334   5.838941578330012
4.933333333333334   5.832771929035048
4.933333333333334   5.95266929239246
4.933333333333334   5.833058596273637
4.933333333333334   5.830455653640743
4.933333333333334   5.835424691188464
4.933333333333334   5.833823199467426
4.933333333333334   5.000235511092624
4.933333333333334   5.829835140757148
4.933333333333334   5.833799278881657
4.933333333333334   5.836572631143651
4.933333333333334   5.810711246629224
4.933333333333334   5.853869585921152
4.933333333333334   5.837816718194781
4.933333333333334   4.99847471544057
4.933333333333334   5.831888191439597
4.933333333333334   5.833512538838557
4.933333333333334   5.833560317165113
4.933333333333334   5.834277261051482
4.933333333333334   5.830407926156396
4.933333333333334   5.958123063084391
4.933333333333334   4.997472078723615
4.933333333333334   5.833703715182307
4.933333333333334   5.835831185797568
4.933333333333334   5.832986912240467
4.933333333333334   5.8325329931560175
4.933333333333334   5.831888191439597
4.933333333333334   5.83384706190554
4.933333333333334   5.002120548964306
4.933333333333334   5.811991757718862
4.933333333333334   5.853629035926799
4.933333333333334   5.834564076279556
4.933333333333334   5.834826990694637
4.933333333333334   5.833082452457143
4.933333333333334   5.832915229969579
4.933333333333334   4.997512987661798
4.933333333333334   5.832127016181283
4.933333333333334   5.955531914929787
4.933333333333334   5.8366682888600785
4.933333333333334   5.823779888328956
4.933333333333334   5.841408379448931
4.933333333333334   5.833894845712184
4.933333333333334   5.832509141466656
4.933333333333334   5.00048134633436
4.933333333333334   5.83224637757606
4.933333333333334   5.833894904056753
4.933333333333334   5.8315538346806655
4.933333333333334   5.832127016181283
4.933333333333334   5.834898719962009
4.933333333333334   5.83305859627343
4.933333333333334   5.003145577687577
4.933333333333334   5.833106367164583
4.933333333333334   5.832246377575853
4.933333333333334   5.834444561644579
4.933333333333334   5.951848383416944
4.933333333333334   5.833249684532899
4.933333333333334   5.833632015292483
4.933333333333334   5.8306705244115395
4.933333333333334   4.999887352537971
4.933333333333334   5.820757005746656
4.933333333333334   5.847260220782115
4.933333333333334   5.835544245981802
4.933333333333334   5.831673289214752
4.933333333333334   5.832604666032333
4.933333333333334   5.83535300736285
4.933333333333334   5.000419835249392
4.933333333333334   5.83410997005247
4.933333333333334   5.829143170348087
4.933333333333334   5.837601320410781
4.933333333333334   5.82950101936332
4.933333333333334   5.838438931410116
4.933333333333334   5.948641381466467
4.933333333333334   5.003412177002504
4.933333333333334   5.830431818938557
4.933333333333334   5.828999996446234
4.933333333333334   5.837314206502507
4.933333333333334   5.8337514966407245
4.933333333333334   5.83138669982523
4.933333333333334   5.836070391986232
4.933333333333334   4.999088816081511
4.933333333333334   5.834062124374021
4.933333333333334   5.8354964351521
4.933333333333334   5.834516281509159
4.933333333333334   5.8327480170700055
4.933333333333334   5.832867462208834
4.933333333333334   5.833894845712391
4.933333333333334   5.000419885257793
4.933333333333334   5.828642150698377
4.933333333333334   5.953366052216684
4.933333333333334   5.830909191146076
4.933333333333334   5.836142151828263
4.933333333333334   5.835998575522831
4.933333333333334   5.834253336741973
4.933333333333334   5.000727155735582
4.933333333333334   5.828570575173647
4.933333333333334   5.834516281509574
4.933333333333334   5.8318404404990565
4.933333333333334   5.8331302237386335
4.933333333333334   5.834874848919645
4.933333333333334   5.83516166453775
4.933333333333334   5.8349226495646125
4.933333333333334   4.999334538579675
4.933333333333334   5.831959790163366
4.933333333333334   5.8317210374182675
4.933333333333334   5.954934282366302
4.933333333333334   5.833966552062559
4.933333333333334   5.8326763406705835
4.933333333333334   5.834253336741973
4.933333333333334   5.001013955579279
4.933333333333334   5.833393067278643
4.933333333333334   5.834611871832588
4.933333333333334   5.83050344018386
4.933333333333334   5.835615992884818
4.933333333333334   5.833416926197881
4.933333333333334   5.828475182699131
4.933333333333334   5.002407508661595
4.933333333333334   5.833178054133865
4.933333333333334   5.834659668168897
4.933333333333334   5.83229419347681
4.933333333333334   5.833727576643168
4.933333333333334   5.8358312441806675
4.933333333333334   5.952719042525738
4.933333333333334   5.0010139555796345
4.933333333333334   5.833178054133451
4.933333333333334   5.833034681957692
4.933333333333334   5.83289131682916
4.933333333333334   5.833918767081674
4.933333333333334   5.833106367164583
4.933333333333334   5.82950107761983
4.933333333333334   5.000522254544412
4.933333333333334   5.834803120239376
4.933333333333334   5.834850919708695
4.933333333333334   5.835305141293954
4.933333333333334   5.8332019696248025
4.933333333333334   5.8297873651684755
4.933333333333334   5.835305199666528
4.933333333333334   4.999907801699898
4.933333333333334   5.953938514847409
4.933333333333334   5.828689849278056
4.933333333333334   5.838845846085365
4.933333333333334   5.82914317034788
4.933333333333334   5.833847061905748
4.933333333333334   5.834133834836844
4.933333333333334   5.83662045961003
4.933333333333334   4.998085883049136
4.933333333333334   5.826043205470619
4.933333333333334   5.840066930503968
4.933333333333334   5.834827049057853
4.933333333333334   5.831410542335351
4.933333333333334   5.835376940691778
4.933333333333334   5.831912038050336
4.933333333333334   5.835759433602833
4.933333333333334   5.000993497368235
4.933333333333334   5.833536398735306
4.933333333333334   5.9485916994684835
4.933333333333334   5.83262857682223
4.933333333333334   5.836835785014718
4.933333333333334   5.834922591199277
4.933333333333334   5.828260531931663
4.933333333333334   5.0023255311160355
4.933333333333334   5.83410997005247
4.933333333333334   5.834348918449567
4.933333333333334   5.833560317165527
4.933333333333334   5.830217024031769
4.933333333333334   5.833870924538867
4.933333333333334   5.83167328921496
4.933333333333334   5.002079514516714
4.933333333333334   5.83528126692566
4.933333333333334   5.828260531931663
4.933333333333334   5.8387500585376815
4.933333333333334   5.8293817703126685
4.933333333333334   5.8345640762793485
4.933333333333334   5.953390902623465
4.933333333333334   5.003063575950044
4.933333333333334   5.8321031095034845
4.933333333333334   5.832461380356851
4.933333333333334   5.831912038050751
4.933333333333334   5.833178054133451
4.933333333333334   5.8328435494607005
4.933333333333334   5.835400815842125
4.933333333333334   4.998167771658241
4.933333333333334   5.836859613700479
4.933333333333334   5.8346835958111924
4.933333333333334   5.8332019696248025
4.933333333333334   5.831768728101224
4.933333333333334   5.830336365531662
4.933333333333334   5.836285560020946
4.933333333333334   5.001362271055382
4.933333333333334   5.826686773463968
4.933333333333334   5.958895910567776
4.933333333333334   5.832771870713352
4.933333333333334   5.831243473984679
4.933333333333334   5.83662045961003
4.933333333333334   5.835113918345367
4.933333333333334   4.999518746325375
4.933333333333334   5.829835140757355
4.933333333333334   5.836237737043089
4.933333333333334   5.834372901897112
4.933333333333334   5.833034681957277
4.933333333333334   5.830360199453221
4.933333333333334   5.833918767081674
4.933333333333334   5.83587900211295
4.933333333333334   4.997922213798128
4.933333333333334   5.835424691188257
4.933333333333334   5.833201911294299
4.933333333333334   5.827258940341518
4.933333333333334   5.958746352770188
4.933333333333334   5.833847061905748
4.933333333333334   5.833464702958454
4.933333333333334   4.999928351026948
4.933333333333334   5.832341951848302
4.933333333333334   5.8322702854284305
4.933333333333334   5.835615992884818
4.933333333333334   5.83535300736285
4.933333333333334   5.8319358848565095
4.933333333333334   5.832580813756975
4.933333333333334   4.9992116743109625
4.933333333333334   5.834755321552787
4.933333333333334   5.835687741552706
4.933333333333334   5.82921470168567
4.933333333333334   5.836453034209275
4.933333333333334   5.832461380356851
4.933333333333334   5.834325051905962
4.933333333333334   5.0009524814094615
4.933333333333334   5.951922957982654
4.933333333333334   5.82128043041508
4.933333333333334   5.840378289645193
4.933333333333334   5.813581341909091
4.933333333333334   5.857673783783838
4.933333333333334   5.830431760663442
4.933333333333334   4.998740817188318
4.933333333333334   5.838079925836052
4.933333333333334   5.834516281509574
4.933333333333334   5.833823199467426
4.933333333333334   5.832413561714305
4.933333333333334   5.82011480499057
4.933333333333334   5.842966105684848
4.933333333333334   4.9984952030193925
4.933333333333334   5.8401387301927405
4.933333333333334   5.82911928812615
4.933333333333334   5.834898778326868
4.933333333333334   5.954610589478694
4.933333333333334   5.833608096274522
4.933333333333334   5.8339426886471335
4.933333333333334   5.832127016181283
4.933333333333334   5.83365587616701
4.933333333333334   5.00125981734768
4.933333333333334   5.832652487808586
4.933333333333334   5.831601580927861
4.933333333333334   5.832318043408375
4.933333333333334   5.836644403336857
4.933333333333334   5.832939143306072
4.933333333333334   5.832939084980412
4.933333333333334   5.002120548964306
4.933333333333334   5.831338957096634
4.933333333333334   5.83401439617425
4.933333333333334   5.834325051905547
4.933333333333334   5.830956926837685
4.933333333333334   5.955581773728321
4.933333333333334   5.828427487632783
4.933333333333334   4.9988636083357685
4.933333333333334   5.835974695480441
4.933333333333334   5.835424691188257
4.933333333333334   5.832795841196565
4.933333333333334   5.832437470938186
4.933333333333334   5.83262857682223
4.933333333333334   5.833178054133451
4.933333333333334   4.9983518934303
4.933333333333334   5.839659904079951
4.933333333333334   5.8247326495977445
4.933333333333334   5.838151676675069
4.933333333333334   5.8373142065029215
4.933333333333334   5.828642208937723
4.933333333333334   5.83726636666603
4.933333333333334   4.998761256972815
4.933333333333334   5.833201911294299
4.933333333333334   5.832986912240675
4.933333333333334   5.952594699123098
4.933333333333334   5.837074956751666
4.933333333333334   5.824589692270781
4.933333333333334   5.836764008114275
4.933333333333334   5.002264024697521
4.933333333333334   5.832915229969787
4.933333333333334   5.837553475867696
4.933333333333334   5.82942948099849
4.933333333333334   5.833727576642754
4.933333333333334   5.8355920575953615
4.933333333333334   5.833178054133451
4.933333333333334   5.002120548964306
4.933333333333334   5.8197342439307596
4.933333333333334   5.844332776722382
4.933333333333334   5.834707523649326
4.933333333333334   5.832915229969787
4.933333333333334   5.8356398699917635
4.933333333333334   5.950928197215987
4.933333333333334   5.83229419347681
4.933333333333334   5.000686144145866
4.933333333333334   5.833249742864358
4.933333333333334   5.833942630301816
4.933333333333334   5.8339426886471335
4.933333333333334   5.832079203021679
4.933333333333334   5.83375149664031
4.933333333333334   5.833870982883165
4.933333333333334   5.000850044490469
4.933333333333334   5.832318043408375
4.933333333333334   5.8346835958111924
4.933333333333334   5.833393067278228
4.933333333333334   5.83167328921496
4.933333333333334   5.830933088037164
4.933333333333334   5.836261677629907
4.933333333333334   4.996694736398825
4.933333333333334   5.838391014701364
4.933333333333334   5.950356313286548
4.933333333333334   5.835855123049101
4.933333333333334   5.832891375153866
4.933333333333334   5.833799278881865
4.933333333333334   5.830598899061522
4.933333333333334   5.835042125419893
4.933333333333334   4.998658959774057
4.933333333333334   5.835902939756749
4.933333333333334   5.829071582518103
4.933333333333334   5.83915707503377
4.933333333333334   5.831792632037734
4.933333333333334   5.833321375024479
4.933333333333334   5.832413620029457
4.933333333333334   5.0001126525382515
4.933333333333334   5.835424691188257
4.933333333333334   5.8326763406705835
4.933333333333334   5.832198679080216
4.933333333333334   5.833345233357682
4.933333333333334   5.948020325153389
4.933333333333334   5.8376491657381395
4.933333333333334   5.832222528230614
4.933333333333334   4.999825956058386
4.933333333333334   5.836046394581303
4.933333333333334   5.834444561644372
4.933333333333334   5.831983695666615
4.933333333333334   5.8331541388382
4.933333333333334   5.833775416834439
4.933333333333334   5.832795782874184
4.933333333333334   4.998658959774057
4.933333333333334   5.838032073447865
4.933333333333334   5.83117183455735
4.933333333333334   5.834444561644787
4.933333333333334   5.831219574549835
4.933333333333334   5.836740063406127
4.933333333333334   5.832676340670169
4.933333333333334   4.9966333683691335
4.933333333333334   5.834898719962009
4.933333333333334   5.951276322622412
4.933333333333334   5.8311718345577646
4.933333333333334   5.836764008114275
4.933333333333334   5.834038260176312
4.933333333333334   5.835998575522831
4.933333333333334   5.000030700188481
4.933333333333334   5.8311718345577646
4.933333333333334   5.829668104403013
4.933333333333334   5.837792764848401
4.933333333333334   5.834133834836844
4.933333333333334   5.831004721597461
4.933333333333334   5.830145409823271
4.933333333333334   5.0055458444629
4.933333333333334   5.831004721597876
4.933333333333334   5.834826990694844
4.933333333333334   5.830336365531247
4.933333333333334   5.835592057594947
4.933333333333334   5.8337514966407245
4.933333333333334   5.954137605244159
4.933333333333334   4.999088816081511
4.933333333333334   5.834348976803013
4.933333333333334   5.827998150706582
4.933333333333334   5.840138788662059
4.933333333333334   5.8328435494607005
4.933333333333334   5.830909249431149
4.933333333333334   5.835066056198344
4.933333333333334   5.833942688647548
4.933333333333334   5.00123930710007
4.933333333333334   5.83138669982523
4.933333333333334   5.830813722107989
4.933333333333334   5.834755321552373
4.933333333333334   5.829906747343669
4.933333333333334   5.837673117905906
4.933333333333334   5.831649327956915
4.933333333333334   5.001054922525511
4.933333333333334   5.951748913085428
4.933333333333334   5.833082452457143
4.933333333333334   5.8370510094917725
4.933333333333334   5.832198679080216
4.933333333333334   5.834348918449567
4.933333333333334   5.834157758166079
4.933333333333334   4.995570128233158
4.933333333333334   5.838654332573206
4.933333333333334   5.832461380356851
4.933333333333334   5.834301127204299
4.933333333333334   5.831458344531771
4.933333333333334   5.832461380356851
4.933333333333334   5.836405208486797
4.933333333333334   4.999457358898055
4.933333333333334   5.833847061905748
4.933333333333334   5.833010767837625
4.933333333333334   5.830431818938972
4.933333333333334   5.831076298630658
4.933333333333334   5.958546893186291
4.933333333333334   5.833918767082089
4.933333333333334   4.999293549828029
4.933333333333334   5.834946579363908
4.933333333333334   5.8322941934772246
4.933333333333334   5.830049907525701
4.933333333333334   5.834994322816967
4.933333333333334   5.8354247495636375
4.933333333333334   5.82678210740695
4.933333333333334   5.837744858745339
4.933333333333334   5.002325531116392
4.933333333333334   5.830575004909975
4.933333333333334   5.835281266925246
4.933333333333334   5.834325051906377
4.933333333333334   5.834468487522
4.933333333333334   5.828785248779495
4.933333333333334   5.836094272811786
4.933333333333334   5.832867462209249
4.933333333333334   5.100134979152037
4.933333333333334   5.835018253204565
4.933333333333334   5.832771870712938
4.933333333333334   5.834133893185986
4.933333333333334   5.835281208553566
4.933333333333334   5.834277261051689
4.933333333333334   5.83427726105086
4.933333333333334   4.996265291694941
4.933333333333334   5.835759433602418
4.933333333333334   5.8345640762793485
4.933333333333334   5.8277119806339615
4.933333333333334   5.836572631144066
4.933333333333334   5.832341951848302
4.933333333333334   5.833488620799921
4.933333333333334   5.000911516142242
4.933333333333334   5.831935943161695
4.933333333333334   5.835950757247986
4.933333333333334   5.953241621027222
4.933333333333334   5.8335364570729125
4.933333333333334   5.83470746528788
4.933333333333334   5.83016924218446
4.933333333333334   4.996572051777769
4.933333333333334   5.839372529190521
4.933333333333334   5.834540149617739
4.933333333333334   5.830837618216559
4.933333333333334   5.832318043408375
4.933333333333334   5.832461380356851
4.933333333333334   5.834325051905547
4.933333333333334   5.001075431260457
4.933333333333334   5.835663805674681
4.933333333333334   5.816786785307836
4.933333333333334   5.842966105684432
4.933333333333334   5.835568180880086
4.933333333333334   5.829906689078636
4.933333333333334   5.957350537725779
4.933333333333334   5.004006958572343
4.933333333333334   5.8321031095034845
4.933333333333334   5.834898719961594
4.933333333333334   5.834827049058267
4.933333333333334   5.833512538837935
4.933333333333334   5.828021965515087
4.933333333333334   5.83179269034047
4.933333333333334   5.004971237731739
4.933333333333334   5.830551110954266
4.933333333333334   5.83772096441019
4.933333333333334   5.831768786403482
4.933333333333334   5.832819695230664
4.933333333333334   5.833034681957277
4.933333333333334   5.834588003138029
4.933333333333334   5.834803120238961
4.933333333333334   4.997349256033991
4.933333333333334   5.823899024586413
4.933333333333334   5.9606167608886995
4.933333333333334   5.835066056198759
4.933333333333334   5.835807307125439
4.933333333333334   5.832246435887455
4.933333333333334   5.831386699824816
4.933333333333334   4.999047881340525
4.933333333333334   5.834898719962424
4.933333333333334   5.837888462563561
4.933333333333334   5.821804007331427
4.933333333333334   5.8425825504914295
4.933333333333334   5.83289131682916
4.933333333333334   5.835855123049101
4.933333333333334   4.997492508134409
4.933333333333334   5.832986912240675
4.933333333333334   5.835209528252833
4.933333333333334   5.833870982883165
4.933333333333334   5.834659668168897
4.933333333333334   5.833703715182721
4.933333333333334   5.950157414983945
4.933333333333334   5.000092201700296
4.933333333333334   5.831720979117379
4.933333333333334   5.8366682888598715
4.933333333333334   5.833870982883165
4.933333333333334   5.832795782873769
4.933333333333334   5.8321747718153185
4.933333333333334   5.831482245923871
4.933333333333334   4.99929354982874
4.933333333333334   5.8356398699917635
4.933333333333334   5.831697134068256
4.933333333333334   5.838032073447865
4.933333333333334   5.8297874234311235
4.933333333333334   5.8321269578718615
4.933333333333334   5.830049907525701
4.933333333333334   5.835520369657565
4.933333333333334   5.00175161341523
4.933333333333334   5.9532167111103815
4.933333333333334   5.836548746403139
4.933333333333334   5.832437470937772
4.933333333333334   5.831386699825645
4.933333333333334   5.835807307124608
4.933333333333334   5.829882858864734
4.933333333333334   5.834874848919645
4.933333333333334   5.003494190167528
4.933333333333334   5.83200760136543
4.933333333333334   5.832150864745177
4.933333333333334   5.8335125388387645
4.933333333333334   5.8357355555174655
4.933333333333334   5.833894845711977
4.933333333333334   5.829596503678455
4.933333333333334   4.998495203019748
4.933333333333334   5.83358423579106
4.933333333333334   5.833154138837785
4.933333333333334   5.954436326585629
4.933333333333334   5.834420635962973
4.933333333333334   5.835185654667737
4.933333333333334   5.8328435494607005
4.933333333333334   5.000215059249479
4.933333333333334   5.834301127204299
4.933333333333334   5.827545065921646
4.933333333333334   5.831004721597876
4.933333333333334   5.824232445955491
4.933333333333334   5.841839636027096
4.933333333333334   5.8384389314097005
4.933333333333334   4.997246966674223
4.933333333333334   5.833345291691052
4.933333333333334   5.834086047115149
4.933333333333334   5.8345880031372
4.933333333333334   5.830670466131447
4.933333333333334   5.836764008114275
4.933333333333334   5.954212297963514
4.933333333333334   4.998065398826278
4.933333333333334   5.836261677630322
4.933333333333334   5.835520369657565
4.933333333333334   5.83286746220842
4.933333333333334   5.833464761295042
4.933333333333334   5.833990415673624
4.933333333333334   5.831147993999578
4.933333333333334   5.003719815347564
4.933333333333334   5.828546755881417
4.933333333333334   5.836883559389113
4.933333333333334   5.82954879025904
4.933333333333334   5.838055970329883
4.933333333333334   5.834444561644372
4.933333333333334   5.828022023742454
4.933333333333334   5.831720979117379
4.933333333333334   5.003125102032362
4.933333333333334   5.831721037417854
4.933333333333334   5.954984070366781
4.933333333333334   5.828379793347017
4.933333333333334   5.836237737042675
4.933333333333334   5.822256199800338
4.933333333333334   5.845964064832268
4.933333333333334   5.000891058769308
4.933333333333334   5.8345162231523675
4.933333333333334   5.833655934506592
4.933333333333334   5.833894845711977
4.933333333333334   5.832771929035255
4.933333333333334   5.8353051412935395
4.933333333333334   5.828069712172624
4.933333333333334   5.0031661035739114
4.933333333333334   5.834516281509574
4.933333333333334   5.82957261774194
4.933333333333334   5.836524803461132
4.933333333333334   5.83391876708126
4.933333333333334   5.951823485158703
4.933333333333334   5.832055355043852
4.933333333333334   4.999723515289393
4.933333333333334   5.835974695480441
4.933333333333334   5.829620331551401
4.933333333333334   5.837194637586136
4.933333333333334   5.8310285609849535
4.933333333333334   5.832843549459872
4.933333333333334   5.830384091844218
4.933333333333334   5.001485191027507
4.933333333333334   5.833154138838615
4.933333333333334   5.834970450992775
4.933333333333334   5.832580813756561
4.933333333333334   5.8329391433056585
4.933333333333334   5.834277261051689
4.933333333333334   5.83726636666603
4.933333333333334   4.999703017640621
4.933333333333334   5.947896117323146
4.933333333333334   5.836094272811786
4.933333333333334   5.835113859976205
4.933333333333334   5.829405654686087
4.933333333333334   5.836022514147161
4.933333333333334   5.835568180879257
4.933333333333334   5.834014337827497
4.933333333333334   5.827020514118436
4.933333333333334   5.002776540980628
4.933333333333334   5.836452975813734
4.933333333333334   5.829596503678455
4.933333333333334   5.836142093438113
4.933333333333334   5.833249742864358
4.933333333333334   5.833369150220309
4.933333333333334   5.834348976803013
4.933333333333334   5.000051200524551
4.933333333333334   5.832413561714719
4.933333333333334   5.946778480238454
4.933333333333334   5.836524803461132
4.933333333333334   5.829095406099698
4.933333333333334   5.83819958945572
4.933333333333334   5.837218527612861
4.933333333333334   4.9990273892312365
4.933333333333334   5.830670524411747
4.933333333333334   5.83776881169838
4.933333333333334   5.832652487808586
4.933333333333334   5.832079203021679
4.933333333333334   5.82520914714408
4.933333333333334   5.839420403555852
4.933333333333334   5.0018746025636265
4.933333333333334   5.827330425442482
4.933333333333334   5.831100255179136
4.933333333333334   5.839923219492594
4.933333333333334   5.834683595811607
4.933333333333334   5.833679795576169
4.933333333333334   5.954087831396744
4.933333333333334   5.0008295876204585
4.933333333333334   5.828809128264143
4.933333333333334   5.836500860715564
4.933333333333334   5.833942630300986
4.933333333333334   5.828976173644098
4.933333333333334   5.838606470767402
4.933333333333334   5.826353012842229
4.933333333333334   4.998372429969575
4.933333333333334   5.841647926076255
4.933333333333334   5.831864286718876
4.933333333333334   5.8371945791761695
4.933333333333334   5.8295249047126925
4.933333333333334   5.837098904207223
4.933333333333334   5.83105245885407
4.933333333333334   5.8293340021546385
4.933333333333334   5.004027491526029
4.933333333333334   5.8340621827221435
4.933333333333334   5.832461380356851
4.933333333333334   5.827616558042011
4.933333333333334   5.948641442128975
4.933333333333334   5.8421032065620055
4.933333333333334   5.832150864746006
4.933333333333334   5.0032276321776195
4.933333333333334   5.831744882662452
4.933333333333334   5.826686773463554
4.933333333333334   5.839492245804969
4.933333333333334   5.835759433602418
4.933333333333334   5.832891375153866
4.933333333333334   5.8326524294886575
4.933333333333334   5.002223037940576
4.933333333333334   5.819805602596729
4.933333333333334   5.842318878191289
4.933333333333334   5.837577427249812
4.933333333333334   5.83358423579106
4.933333333333334   5.832724105300813
4.933333333333334   5.832628576822644
4.933333333333334   4.999539242463231
4.933333333333334   5.953216771866241
4.933333333333334   5.834946520998094
4.933333333333334   5.8315538346806655
4.933333333333334   5.834540207975424
4.933333333333334   5.830002186684092
4.933333333333334   5.837601320410781
4.933333333333334   5.834301127204299
4.933333333333334   4.998208691986867
4.933333333333334   5.831935943161695
4.933333333333334   5.836094272811786
4.933333333333334   5.832509141466863
4.933333333333334   5.828761427731819
4.933333333333334   5.836740063406127
4.933333333333334   5.833655876167425
4.933333333333334   4.994221236549014
4.933333333333334   5.840354315273508
4.933333333333334   5.836189914848956
4.933333333333334   5.831338957096634
4.933333333333334   5.830742093240008
4.933333333333334   5.95712628976664
4.933333333333334   5.831386699824816
4.933333333333334   5.835089987173916
4.933333333333334   4.998515640795665
4.933333333333334   5.831386758119436
4.933333333333334   5.8335125388387645
4.933333333333334   5.838032015020307
4.933333333333334   5.83301082616472
4.933333333333334   5.833058596273015
4.933333333333334   5.8283320416086655
4.933333333333334   5.004704472250929
4.933333333333334   5.829906747343669
4.933333333333334   5.834444561644372
4.933333333333334   5.836166033241094
4.933333333333334   5.8327480170700055
4.933333333333334   5.826472196203926
4.933333333333334   5.83882188429275
4.933333333333334   5.001218847045246
4.933333333333334   5.832891375153866
4.933333333333334   5.950008234811859
4.933333333333334   5.830145409823271
4.933333333333334   5.840498047503059
4.933333333333334   5.834540149617739
4.933333333333334   5.830598899061522
4.933333333333334   5.000850044490469
4.933333333333334   5.827473517338127
4.933333333333334   5.840402205739527
4.933333333333334   5.834205605412736
4.933333333333334   5.830407926156811
4.933333333333334   5.83086145623646
4.933333333333334   5.836692174578381
4.933333333333334   5.8295726760002955
4.933333333333334   5.005073843558264
4.933333333333334   5.831649386256785
4.933333333333334   5.833727576642339
4.933333333333334   5.827664298057895
4.933333333333334   5.839180981126657
4.933333333333334   5.9550089950752305
4.933333333333334   5.828522878545665
4.933333333333334   4.999600681893642
4.933333333333334   5.836692232979954
4.933333333333334   5.8331779958034256
4.933333333333334   5.835448625105203
4.933333333333334   5.833273600612026
4.933333333333334   5.83358423579106
4.933333333333334   5.8293340021546385
4.933333333333334   5.002735545823827
4.933333333333334   5.833894845711977
4.933333333333334   5.833416984533098
4.933333333333334   5.828308224265168
4.933333333333334   5.83652474506374
4.933333333333334   5.834779191617578
4.933333333333334   5.831195733600866
4.933333333333334   5.0027970137825575
4.933333333333334   5.832700252047731
4.933333333333334   5.949859122805589
4.933333333333334   5.837649224157619
4.933333333333334   5.832389711002364
4.933333333333334   5.833369150219481
4.933333333333334   5.829882858864734
4.933333333333334   5.00283806000302
4.933333333333334   5.83093308803675
4.933333333333334   5.836859613700895
4.933333333333334   5.83200760136543
4.933333333333334   5.835233460404832
4.933333333333334   5.826758244527164
4.933333333333334   5.8385825693784605
4.933333333333334   5.835089987173916
4.933333333333334   4.997492508134409
4.933333333333334   5.814150879760024
4.933333333333334   5.852209870358501
4.933333333333334   5.8312673153231955
4.933333333333334   5.836381266722428
4.933333333333334   5.952420493460473
4.933333333333334   5.836883617793686
4.933333333333334   5.826019348642604
4.933333333333334   5.0019565653301985
4.933333333333334   5.8356638056738515
4.933333333333334   5.835902939757164
4.933333333333334   5.8338231994670116
4.933333333333334   5.832604666032747
4.933333333333334   5.832365860484247
4.933333333333334   5.834181623341415
4.933333333333334   5.0003174701566175
4.933333333333334   5.83074209323918
4.933333333333334   5.8337276349846
4.933333333333334   5.8295249047126925
4.933333333333334   5.836333383782961
4.933333333333334   5.835855123049101
4.933333333333334   5.834038260175897
4.933333333333334   4.9979631301063945
4.933333333333334   5.835018253203736
4.933333333333334   5.9535402524690335
4.933333333333334   5.831792632037734
4.933333333333334   5.833249742864358
4.933333333333334   5.835209528253663
4.933333333333334   5.832604666031918
4.933333333333334   5.002428028492366
4.933333333333334   5.828689849278056
4.933333333333334   5.833225826981276
4.933333333333334   5.834181681691928
4.933333333333334   5.836452975812905
4.933333333333334   5.832533051473558
4.933333333333334   5.833345291691052
4.933333333333334   5.001567191063888
4.933333333333334   5.82673438184366
4.933333333333334   5.837888520988246
4.933333333333334   5.835329074230658
4.933333333333334   5.833440843647983
4.933333333333334   5.953241621026358
4.933333333333334   5.827425838663371
4.933333333333334   4.994997709594329
4.933333333333334   5.842462765650273
4.933333333333334   5.8331779958034256
4.933333333333334   5.831243473984679
4.933333333333334   5.834420635962973
4.933333333333334   5.834516281509574
4.933333333333334   5.83504218378762
4.933333333333334   5.832365860484247
4.933333333333334   5.000604223008622
4.933333333333334   5.830169242183631
4.933333333333334   5.835950757247986
4.933333333333334   5.835257334381107
4.933333333333334   5.832485289972787
4.933333333333334   5.832485231655374
4.933333333333334   5.824827977768871
4.933333333333334   5.111817166657446
4.933333333333334   5.8331779958034256
4.933333333333334   5.833775416834439
4.933333333333334   5.833369150220309
4.933333333333334   5.828522878545665
4.933333333333334   5.835711677627086
4.933333333333334   5.8357355555174655
4.933333333333334   5.000891008751304
4.933333333333334   5.83255690335827
4.933333333333334   5.827998208932645
4.933333333333334   5.838654332573206
4.933333333333334   5.8343489184491535
4.933333333333334   5.834038260176727
4.933333333333334   5.832580813756561
4.933333333333334   4.996224353256178
4.933333333333334   5.834444620000145
4.933333333333334   5.957076344269941
4.933333333333334   5.832604724351721
4.933333333333334   5.832222528230614
4.933333333333334   5.8293340021546385
4.933333333333334   5.836189914848956
4.933333333333334   4.998986505475779
4.933333333333334   5.836070333598348
4.933333333333334   5.8356159928852325
4.933333333333334   5.826972842856867
4.933333333333334   5.836452975812905
4.933333333333334   5.831434501631172
4.933333333333334   5.836166033241094
4.933333333333334   5.832628576822644
4.933333333333334   4.990321670345888
4.933333333333334   5.844572621822112
4.933333333333334   5.831888191439597
4.933333333333334   5.836046452969124
4.933333333333334   5.835329015856361
4.933333333333334   5.938917426574948
4.933333333333334   5.843973045980188
4.933333333333334   5.836309559393196
4.933333333333334   4.9973697343874885
4.933333333333334   5.834038260176727
4.933333333333334   5.831004721597047
4.933333333333334   5.838127779009537
4.933333333333334   5.829811252864827
4.933333333333334   5.8359268775973385
4.933333333333334   5.83449235523996
4.933333333333334   5.000993447347826
4.933333333333334   5.8311001968910725
4.933333333333334   5.834707523649741
4.933333333333334   5.829286293031267
4.933333333333334   5.836261677630322
4.933333333333334   5.828761427731819
4.933333333333334   5.838319257980169
4.933333333333334   5.100710363690455
4.933333333333334   5.832939084979997
4.933333333333334   5.834755321552787
4.933333333333334   5.833416984533098
4.933333333333334   5.833273600612026
4.933333333333334   5.833608096274107
4.933333333333334   5.8354964351521
4.933333333333334   5.000850044490469
4.933333333333334   5.829763535930053
4.933333333333334   5.835018253203736
4.933333333333334   5.835687741553121
4.933333333333334   5.83358423579106
4.933333333333334   5.833154138838615
4.933333333333334   5.83289131682916
4.933333333333334   4.994916024622683
4.933333333333334   5.838534650311569
4.933333333333334   5.832485289972787
4.933333333333334   5.83470746528788
4.933333333333334   5.827545065921646
4.933333333333334   5.958023382912772
4.933333333333334   5.83432511025893
4.933333333333334   5.834301127204299
4.933333333333334   4.999641625688033
4.933333333333334   5.832986912240675
4.933333333333334   5.831338957096634
4.933333333333334   5.8327480170700055
4.933333333333334   5.8361420934389425
4.933333333333334   5.8285467558805895
4.933333333333334   5.832867462209249
4.933333333333334   5.003391649097051
4.933333333333334   5.832079261330144
4.933333333333334   5.836381266721598
4.933333333333334   5.833655876167425
4.933333333333334   5.82962038981071
4.933333333333334   5.8357355555174655
4.933333333333334   5.834396768831787
4.933333333333334   5.0015876539689765
4.933333333333334   5.8310285609849535
4.933333333333334   5.829167052765719
4.933333333333334   5.959693861627711
4.933333333333334   5.8325329931560175
4.933333333333334   5.834253395094335
4.933333333333334   5.832413561714719
4.933333333333334   4.998311020722922
4.933333333333334   5.834157758165664
4.933333333333334   5.835209528252833
4.933333333333334   5.832962998512711
4.933333333333334   5.830264748390927
4.933333333333334   5.830384033570471
4.933333333333334   5.837266366665199
4.933333333333334   4.9997645110918665
4.933333333333334   5.8345640762793485
4.933333333333334   5.833130223739462
4.933333333333334   5.832676340670169
4.933333333333334   5.832389711001535
4.933333333333334   5.838558609747108
4.933333333333334   5.952992774250321
4.933333333333334   5.831768786403482
4.933333333333334   5.83518559629714
4.933333333333334   4.999825956058386
4.933333333333334   5.828308224265168
4.933333333333334   5.832652429489486
4.933333333333334   5.83410997005247
4.933333333333334   5.8354008158417106
4.933333333333334   5.831506089215723
4.933333333333334   5.835329074229828
4.933333333333334   4.999866853545793
4.933333333333334   5.8327480170700055
4.933333333333334   5.834277261051689
4.933333333333334   5.836500860714734
4.933333333333334   5.832771929035255
4.933333333333334   5.832079203021679
4.933333333333334   5.954834708862453
4.933333333333334   5.0007476117679195
4.933333333333334   5.8262338343571685
4.933333333333334   5.838726155972707
4.933333333333334   5.835568180879257
4.933333333333334   5.83052727547183
4.933333333333334   5.8311479357097316
4.933333333333334   5.836811839717654
4.933333333333334   5.0008295876204585
4.933333333333334   5.833847061905748
4.933333333333334   5.831912038050336
4.933333333333334   5.833393067277814
4.933333333333334   5.8357355555174655
4.933333333333334   5.83086145623646
4.933333333333334   5.833990474020313
4.933333333333334   4.998925031161439
4.933333333333334   5.827139724791499
4.933333333333334   5.960541968306315
4.933333333333334   5.832580755438894
4.933333333333334   5.830217024032183
4.933333333333334   5.835520311280271
4.933333333333334   5.834516281508744
4.933333333333334   5.001690171142738
4.933333333333334   5.832150864746006
4.933333333333334   5.83518559629714
4.933333333333334   5.832055355043023
4.933333333333334   5.8311001968910725
4.933333333333334   5.837362047123971
4.933333333333334   5.828594452899366
4.933333333333334   5.004355741193521
4.933333333333334   5.83236580217005
4.933333333333334   5.832533051473558
4.933333333333334   5.831816536170207
4.933333333333334   5.8330346819581065
4.933333333333334   5.954685294065461
4.933333333333334   5.835137791343473
4.933333333333334   4.994343805753115
4.933333333333334   5.837242417835967
4.933333333333334   5.833034681957277
4.933333333333334   5.837242476247722
4.933333333333334   5.831362799215934
4.933333333333334   5.83329751688685
4.933333333333334   5.8247564958883284
4.933333333333334   5.003391649097051
4.933333333333334   5.83719457917534
4.933333333333334   5.834707523649741
4.933333333333334   5.832580813756561
4.933333333333334   5.833679795576169
4.933333333333334   5.832915229970201
4.933333333333334   5.83320191129347
4.933333333333334   5.8321270161821115
4.933333333333334   5.104464134630675
4.933333333333334   5.828761427732647
4.933333333333334   5.8345880031372
