6089.2231059999995
43.120438999999955
46.207931000000535
27.58099199999986
22.717108000000152
30.957244999999745
21.63415099999977
7.724463000000625
8.144293999999164
6.385513000000564
10.751745999999507
7.586841000000177
10.227060000000066
16.712513999999956
19.967937000000546
18.31646899999928
20.22393200000039
19.509604999999652
20.35991500000023
51.474033999999946
32.22574700000003
38.44086900000043
46.715413999999456
59.95337199999984
31.203409000000626
39.92358699999965
28.77044299999998
26.27890399999977
92.47074700000013
52.486132000000296
18.757597999999653
120.00258800000019
82.77779299999999
94.06282399999988
76.88829300000054
62.503481999999444
32.64188999999984
8.084084000000047
10.335602000000499
8.50145699999949
11.141266000000094
9.392725000000546
7.788768999999363
9.498398999999935
10.963914000000408
7.621247000000331
9.655271999999826
6.125014000000206
7.907959999999825
9.353813999999794
7.882975000000236
6.820906999999821
8.91678099999993
9.815423000000045
9.199397999999803
6.594404000000331
21.972882000000027
33.77891299999991
62.24461999999953
20.067468000000588
47.45554299999988
46.22759099999918
115.01623700000074
31.230442000000025
31.27877300000037
47.17128799999948
22.89855599999946
43.73810100000064
59.90545000000047
75.02506700000033
63.786727999998405
66.18610800000013
31.26689599999999
37.869491000000366
87.12682300000019
63.967356999999225
6.930268000001405
8.084084000000047
7.977589999999424
8.383495000000352
8.532994999999488
8.913914000000744
7.381226999999768
8.545282000000043
9.11543299999984
10.381065999998995
11.169118000001532
11.712234999999183
11.199837999999573
7.9833249999996525
10.734133000001478
8.226620999998602
9.772825000000651
6.493645000000825
16.95949600000013
38.772637999999304
63.90878600000072
33.59582599999911
34.99785400000022
45.3072419999998
130.98042800000087
74.95748499999877
89.97920900000089
43.76431499999889
29.34100200000067
20.109656000000697
40.613746000000006
126.17634299999914
39.97478600000015
30.0139589999997
35.001539999999665
45.01397499999982
45.036912000000484
70.07885500000022
8.22457299999968
8.258979000000721
7.722005999999837
7.639269000000226
7.778529999999506
11.29895799999936
8.962246000001173
7.922296000000273
9.35135599999981
7.449218999999729
8.509239000000335
10.349527999998998
7.320607000000479
7.914103999999256
42.466733000001256
74.97591699999973
18.756369000000106
16.203801999999712
70.01823499999915
88.47273599999994
50.349708000000604
38.686624000000336
45.268740999999224
77.95077000000106
102.65807699999918
79.11155000000036
92.49655099999998
124.96477500000047
77.63702499999958
7.263265000000629
9.814192999998639
7.1580010000005245
8.254063000000755
7.404164999998741
8.085722000000573
6.994163999999969
10.614533000000037
9.180967000000706
9.110927000000046
10.015301999999338
8.76687100000062
8.896711000000224
7.395971999999418
7.946461999999599
12.497010000000586
7.510247999999109
9.80190599999986
10.673104000000322
13.972353999999854
51.03249600000126
53.74725899999966
45.06025899999955
48.7207680000008
31.19767499999959
20.33451999999869
36.0537780000012
62.36135400000009
143.7657889999997
39.95348700000001
32.84504700000035
43.43828200000033
61.25177299999862
60.02136400000069
134.96778999999924
58.72869700000116
41.282197999999326
27.466307000000967
21.44573899999891
41.07289799999947
50.049068999999946
55.40118500000091
24.56517899999966
29.023159999999493
60.05699900000039
64.66284100000053
69.96089199999922
53.9086390000012
37.428772000000166
49.99705100000007
32.7053769999992
67.25186200000088
55.01944699999939
63.049874999999034
79.97783300000094
46.921027999999865
96.99630999999975
103.00581999999991
38.70997000000109
32.31217099999917
40.29754199999935
43.657822000000124
40.23159900000017
132.25712100000032
100.00188399999921
76.28169000000007
31.26607600000142
48.70028899999923
36.63990100000092
57.08419199999959
77.53954200000024
90.14345499999976
26.128175000000198
68.73212200000012
48.109657999999555
66.90698699999942
117.45452799999967
82.67826199999995
79.84266800000128
87.60972899999864
72.3766560000012
42.660878999999596
32.31749499999914
61.63392100000031
38.50435600000068
53.667389999999315
41.191678000000564
22.54303199999974
127.5165230000006
38.985215000000295
51.33313500000014
42.10506499999944
39.2227769999991
63.3095560000001
23.749275000000125
81.24633400000114
88.74961899999967
51.2561319999989
28.755287000000962
41.21502499999963
55.0436139999988
81.02720300000144
94.13122599999824
147.83302200000037
25.483890000000287
31.500362000002724
56.395670999997094
77.31959100000196
56.2670599999997
31.495855999999378
92.24260599999923
85.2316480000006
133.50964800000042
71.24618699999985
115.27427800000112
39.715104999999085
61.25136400000031
103.8028820000001
29.988973999998336
21.310983999999422
79.89755300000212
66.0398839999985
212.68017899999947
116.30767500000161
145.03101400000062
117.95668499999934
59.46677900000097
74.97345799999877
91.55695100000116
14.378259000000781
109.1033899999978
88.5075509999993
202.7189430000007
50.01056700000106
131.23887999999795
230.01649800000123
118.73408699999999
46.22718199999909
28.801981000000865
48.151027999999485
49.33842900000229
77.06687499999987
112.87571699999788
94.99136600000213
68.13534799999843
34.37978199999847
30.034439000001356
51.2688290000014
52.52299400000027
66.17750699999903
35.032259000001176
24.95961400000013
61.32468099999855
141.1562900000014
46.00723099999726
40.24921200000264
116.25893299999746
40.35570399999955
118.50471700000043
33.44632599999997
132.66957800000156
50.13835999999827
89.15060800000063
174.0635949999998
202.12585500000202
16.989805999997998
90.87088800000132
146.64725699999792
120.74394700000113
134.24568199999953
156.3357070000002
101.18150399999948
142.46779800000198
94.44988799999976
24.359564000000944
56.19374299999791
39.30510600000048
123.29446600000082
210.13416499999948
38.51828299999838
249.99344600000128
108.74417999999864
121.48202900000271
32.28349799999819
33.911621000001446
172.31013800000028
112.56565699999754
97.50379300000134
113.78582700000095
73.72011200000017
53.71203500000021
82.17159899999871
167.86976999999936
157.5014010000011
211.15240700000015
160.01382700000022
87.24437500000093
185.7242209999974
67.02535900000228
48.81046799999922
76.4938579999992
178.45767900000098
99.94208399999849
105.83649800000217
32.986764999996865
37.51888200000053
142.4063600000025
120.88156899999802
97.40753899999888
150.72309100000325
109.83778599999994
38.6501709999969
42.47902000000181
156.78461799999965
110.71471900000063
111.32214099999871
68.6694540000019
22.644610000000398
207.42349699999707
50.00851900000214
62.412961999999794
121.25839299999797
21.66446000000022
23.349925000001548
47.47929899999903
85.01743200000078
104.98455000000106
137.10462299999904
45.51531399999931
41.15317600000168
53.26476299999783
123.5729869999993
53.125502000000324
167.51137800000038
45.05780200000231
21.259374999999636
46.58762200000055
34.6972139999977
35.0138280000003
39.984616000001694
22.406637999999646
28.807305000000838
36.167643999998944
17.497288999997807
27.343430000001945
24.10397999999958
23.782451999998955
26.162171000002843
34.75701499999673
24.089235000001707
29.812440000000606
29.619524000001007
33.107593999996965
25.553111000000683
37.90266800000097
35.49263900000099
34.58826299999984
31.653139999999524
28.380511999998248
39.87361700000136
40.09397600000142
33.83011199999686
32.379343000002336
49.831167000000676
24.78062299999806
34.34619600000133
80.82486600000038
43.93511399999994
54.979716999998374
141.27056599999932
72.5421300000022
54.91500199999777
128.27467400000003
24.59876600000044
78.40336800000003
75.03489700000188
129.94621200000012
136.2371109999998
130.01625199999722
50.61430399999978
53.17670000000163
115.10921300000021
43.60949000000147
145.0699259999979
81.18899100000121
83.72558399999974
86.22326600000108
60.07420199999913
53.71367300000074
130.00765099999967
36.47647500000062
20.88828699999823
24.184259999998403
68.52200100000161
45.25481499999984
59.94845700000084
99.95150399999986
140.96992700000044
167.50154799999706
37.597933000000694
44.91895000000312
67.15233199999915
47.8405579999972
35.04127000000068
49.94339499999967
25.03088299999945
62.45842599999918
30.445258000000308
75.83605599999999
46.35046799999998
80.04336700000181
63.55244299999896
96.25986700000055
48.77811000000065
81.21602399999972
53.06693100000359
41.97440499999772
193.76202200000137
101.19133399999924
58.78153399999775
34.47931299999851
35.65442700000432
56.135171000001094
34.3703619999971
40.6198900000021
74.95830399999903
84.84130800000145
165.24224799999843
173.69946899999889
139.9615150000031
46.247250999996936
216.21658200000127
117.51432700000208
71.29124199999382
31.616276000001164
21.741464000001542
41.62379600000321
55.12348299999559
79.90246800000023
48.704794000002494
71.24413900000093
36.95323799999528
41.79418500000054
122.84842200000412
67.16052399999484
51.388019000000895
63.905510000004995
79.69603399999414
67.5672470000066
118.66199999999338
78.75971100000356
170.09753199999977
74.95215899999863
84.93141900000012
110.01595700000166
48.13136699999632
121.97230900000022
55.73704900000109
31.19521800000058
179.2256610000038
70.00348999999773
63.853490999996154
124.85582400000084
135.02758999999998
49.95609200000217
88.76108799999827
187.55222200000077
78.15433700000085
22.478317000000914
75.35724400000277
22.676557999993463
111.26479900000419
104.12400100000241
120.95078999999487
118.7000910000009
42.74730299999874
97.22691000000339
43.724583999996014
83.7534370000057
187.52027499999713
65.00198199999829
136.43576200000496
43.727451999998834
116.1196719999964
138.11631100000454
39.90105899999463
65.70033400000597
51.21926799999699
83.81528500000002
109.93199199999992
177.46769899999748
57.55522100000121
70.01291000000265
142.48049599999746
128.703514999998
133.76891900000487
61.64211299999778
251.63549500000215
70.45076200000011
67.5357080000012
94.0247329999977
24.822810999999945
24.953879999998207
66.31226200000384
39.84166899999764
85.15587299999794
73.60256000000476
37.50700399999829
68.74891500000047
188.7580559999975
129.9945450000024
62.413780999996504
152.53757600000029
65.01836600000388
41.302676999997345
78.72776300000339
135.8205569999953
80.38250799999958
72.54458799999952
112.48824500000154
83.77350700000363
163.69440599999763
72.48396899999676
28.823279000000923
106.2153690000045
68.72925499999383
17.92244300000334
47.11148700000223
219.9319749999944
61.24767800000086
68.78536800000035
81.21397700000443
13.869956000000627
39.904745999997715
47.487081999996406
15.568937000004723
76.20550600000087
55.76940699999966
39.36900200000082
23.13120299999838
123.78187899999915
168.67420500000208
145.0465789999953
217.44289400000127
107.49902599999928
42.69159800000466
42.419219999999314
136.18591199999486
13.484942000005162
136.4955609999967
23.881573000004153
136.12488199999717
30.032800000000748
36.252838999999426
57.424562000001345
104.96038399999463
67.50457900000129
47.513295000001676
110.04258100000186
44.2099499999955
85.7788600000049
40.08291799999597
136.1789480000013
138.67499199999855
131.3515170000059
59.929205999999624
73.93719499999918
31.20668599999732
69.02211199999897
143.30991500000323
76.55816399999793
187.98597899999692
65.42386000000278
45.00414500000005
66.30488900000131
61.259555999995996
60.24541000000028
59.71417199999962
53.71244400000563
86.34081900000012
59.97221299999467
189.999935000003
69.94737600000178
30.379722999995806
43.378481000004854
24.439024999999504
110.56767599999517
78.88914100000477
31.164089000000672
105.09513999999598
163.55145900000423
96.27215499999409
100.00966600000538
140.04220399999667
129.9548140000013
27.044838999998433
120.4506800000047
28.871611999996105
71.11102200000374
110.98586699999657
31.5241180000001
49.9896789999994
42.7681910000004
77.29296899999838
36.34294800000504
95.54676999999856
139.30535200000094
185.08976500000074
78.63069099999365
50.38902900000153
93.04826900000052
191.57931499999847
34.98187900000005
27.281173000005765
117.77851299999753
60.22820700000153
93.48694099999477
64.08081400000043
48.51761000000465
38.69522599999442
153.20889400000226
73.25358900000367
46.74613299999919
101.73690799999946
166.22362700000082
33.73836299999766
87.53026899999838
99.98468199999877
68.75792499999989
43.73277700000244
109.1541790000008
87.06743199999778
33.802669000003505
66.2278869999966
153.74013299999945
176.22827900000004
168.75202700000358
95.01348399999898
29.980782000002648
36.315505999994
93.97967800000373
89.71297499999764
165.019841000003
79.95571499999699
56.44646000000364
69.7929600000009
128.76372599999542
61.22228299999932
45.09015900000435
75.36297800000114
34.840572000000236
31.05104099999778
90.40477399999958
53.235272000002
96.29550100000017
153.77289999999988
198.70864399999988
137.48799900000108
183.786039999994
58.17247299999906
4.119660000000636
