9218.970257
22.80926599999944
6.491186999999954
23.988065999999364
16.6957200000013
19.317917999998713
20.681443000000854
39.99895199999948
10.002605000000386
15.011075000000318
21.786517999998978
12.717370000000727
39.81176899999994
10.702594999999704
9.285412000000548
33.19033200000021
12.512983999998895
24.988695000001115
10.000556999999688
25.04603799999927
34.93313799999953
15.02172500000043
19.97694800000005
16.2418940000002
8.744754000000299
20.012172999999578
30.009042999999735
7.348051000001021
27.77923399999871
17.36417100000054
17.517359000001065
59.98859699999848
0.07208800000135795
12.416319999999814
28.746686999999937
10.001786000000124
10.018169000000299
16.049795999999006
28.98506800000078
25.104199999999466
7.3832750000004665
18.53191399999865
23.942601000001673
24.9845999999998
13.77861799999991
25.009174999999217
22.46070400000022
17.50589000000069
20.01749699999955
21.22537999999885
16.24435100000099
12.809937000000104
24.75604800000042
35.212888999998526
4.732407000000549
21.70050400000001
24.55493899999972
13.991196000000983
15.082752999999727
29.684647999999925
20.03306299999963
11.829376999999752
34.374867000000364
15.038108000000605
16.193973000000028
33.765395999999726
18.796508999999517
2.470649000001046
24.96985400000007
17.506708999999177
40.02721300000012
2.463276000000292
12.492913999999189
18.78422200000074
19.960563999999792
26.280134000000288
13.330116999998864
19.993741000000398
20.420943999999608
36.229902000000536
23.308145999999752
0.05652299999958643
39.92317800000045
6.729978000000969
19.994560999998967
40.21890100000114
4.780737999999118
30.00945399999999
9.996461000000068
14.982403999999505
31.29925300000025
31.20791499999953
12.520766000001515
32.4686329999988
17.52063500000034
6.2806579999996615
40.07677400000098
11.124063000000461
53.78248499999927
1.2209890000001167
0.04177799999993681
1.5175319999993775
14.069837000000973
21.874579999998645
16.317668000001007
17.97159400000048
26.874858999999418
13.89739899999931
19.947868000000923
24.990743000000037
16.257868000000286
18.78258300000013
23.927036999999984
21.077108000000067
24.944868999998704
12.484312999999858
21.253232000001177
21.32122299999928
17.47107499999956
24.952651000001325
42.518341999999265
31.26361900000063
36.2335869999999
1.7944159999991882
0.6836060000008359
1.27259699999982
16.026450000000025
30.22407799999982
12.492913999999189
30.027885000000865
21.273301999999106
18.69615900000099
18.741624000000456
8.598119999998488
26.405057999999926
61.29641900000138
6.197101999999788
6.076681999999778
0.037272000000143635
40.14517599999934
24.991152000000127
7.508200000000187
27.3581759999999
53.95246399999998
8.693145000000513
10.25736999999971
19.77501999999909
11.228919000000559
14.04607999999996
14.701425000000157
5.292726000000414
47.21224699999915
39.97150900000079
0.05406600000057438
32.45552599999968
22.491013999999865
0.0602099999991168
9.928878000000196
22.52869600000018
23.265548999999552
24.890802999999906
3.1575320000012397
23.741082999999108
26.17896499999972
5.010928000000803
39.037643000000344
54.72044599999926
19.96834700000072
37.54345800000003
5.7846440000002275
0.4145049999983996
31.26771500000025
4.997002000001416
2.4882609999998806
17.508346999999702
22.495518999999575
4.997411999999812
21.261014000000245
14.572404000000816
39.956353999999195
27.173039999999204
2.030339000000936
22.52582899999922
14.988957999999997
33.28371799999985
9.204723000001636
10.800076999998964
20.05108400000033
21.648077000000043
30.023788999999468
14.978718000000057
19.30112400000006
15.70410200000083
35.06297899999922
1.2889810000000779
34.895864999999304
43.74260700000043
0.043007000000372386
4.972017000000051
17.506708999999177
32.47313900000037
10.02472300000079
20.00602899999926
19.988007000000252
16.303742999999926
20.010534000000746
47.47643299999993
12.526499999999885
3.6617369999998317
22.498795999998933
17.50589000000069
26.311263000000196
8.252835000000402
21.688625999999545
18.123142000000314
40.6403700000002
9.267390999999847
11.965360999999675
28.74463899999924
12.854992000001175
17.144220999998794
19.323243000000545
39.963725999999866
11.987069999999989
8.724684000000593
22.496337999999838
18.75923599999929
26.23876500000044
32.520242000000366
39.28790299999996
18.02688799999963
17.68733900000008
45.009059999999934
17.28553000000055
10.179547999999983
27.54658699999979
0.09748299999934318
0.06430500000043082
4.818829999999608
21.242173000000975
16.066589999999437
32.07214999999941
8.647680000001046
23.257767000000484
25.134508999999028
32.32200000000063
21.25978499999981
0.07454600000045275
27.386436999998764
12.536739999999824
24.97272100000103
24.356287999999893
23.22254199999918
12.420007000001121
69.994479
18.757187999998592
16.2550010000011
10.003833999999046
15.270756000001384
19.698425999999714
5.982066999999702
6.554264000000032
8.616141999999272
41.35920100000057
7.5114769999995445
15.00370200000134
17.474351999998916
18.749405999999524
39.05156900000151
2.200728999998347
24.998935000001055
12.805431000000311
22.200204999998974
33.76252900000054
3.8288499999996617
55.00511199999991
9.973933999999574
9.928469000000106
17.537428000000688
42.51137800000038
28.97974399999903
0.4456340000000836
0.03481500000113158
30.485396999999637
8.76646200000053
46.23086799999854
9.998099000000593
14.992643999999444
5.030998000000508
18.306639000000402
31.677305000000544
14.995100999998456
19.99742799999993
25.02514900000108
18.724010999999763
47.55875999999937
0.06389600000034079
6.114774000000267
17.565689999999634
21.191792999999848
20.00807800000004
21.233979999999875
13.807290000000805
21.95322100000041
19.492402999999214
38.628463000000224
13.63075499999944
12.490457000000177
23.764019999999775
10.083704000001248
53.68090599999853
0.4927380000001591
5.989848000000464
19.854890999999597
21.146738000000553
28.745866999999592
24.998935000001055
4.994953999998941
18.75268300000066
41.32889100000092
19.90936600000026
4.996181999999294
40.00386699999936
15.004111999999736
18.031803999999596
1.9635760000014102
18.05146399999913
20.001113999999376
21.997047999999353
68.73826500000035
9.267799999999937
11.982974000002145
13.305541999997672
14.713303000000622
10.715292000000431
47.26713100000168
3.984084999999027
4.993725999998588
35.01751399999975
8.825032000000732
11.150687000000659
36.039441999999866
8.941765999999518
19.766828000001624
35.30340899999729
9.942395000003046
6.056611999998296
37.667562999999404
22.34806699999936
3.982037000000105
49.954453000001564
8.74024799999873
17.31788800000089
5.6326859999984435
18.32138400000005
16.214451999999824
37.507823000002105
1.2373719999985155
19.32201400000011
19.75044399999959
25.96843600000298
30.00248999999755
4.190927999999872
39.81791300000026
15.97893699999986
7.019558999999731
31.72235999999984
5.28002800000138
20.004800999998906
24.707716000001767
27.424528999997477
10.072645000001046
37.77692399999921
5.971826999999763
28.788055000003254
18.716638999997315
6.544434000002042
20.928835999999507
17.06885699999816
20.418896000002462
73.81595600000068
12.460965999999019
2.4792510000004597
5.003964000000138
5.812495999997225
23.034540000001158
23.67759699999894
17.88558000000151
19.610364999998353
19.809015999999957
16.00064600000195
38.52852200000001
5.643745000000422
27.58058299999888
12.217669000001763
21.256098999998585
18.96730800000057
22.493061999998787
38.428582000001654
9.150656999999285
6.139758999999856
43.76513400000093
2.502186999997491
19.892572999999913
12.591216000000571
18.803472000001875
20.055999000000213
28.645517999997594
17.42561000000009
13.882653999999661
39.949800000002256
12.526090999998019
10.431037000000032
17.332633000002318
22.223960999998127
56.231015000001605
0.09010999999858882
21.189745000000926
13.747898999998398
7.449628999999902
23.84634800000285
41.9772719999969
4.179460000003132
6.798379999999327
32.03242000000017
9.944442999998415
18.07153400000061
21.95486000000102
49.978209999999024
1.2648139999988928
37.452119000001005
9.325143000001646
20.036338999997128
9.40869900000152
18.735889999998534
14.988547000001518
16.8128629999984
40.02065999999971
6.945014000002914
16.225100999999853
16.81040499999753
35.6962050000007
10.028000000001924
28.067994999997126
12.220946000002897
14.717808999996862
42.45690300000149
7.526221999999194
25.007946000002335
4.96955899999918
25.006717000000123
32.27325900000011
27.750972999999846
15.025819999998191
5.2472620000010295
22.1903740000009
49.803724000000216
8.963474999998056
3.7895290000022896
15.331784999997211
11.914163000000144
37.71057000000155
3.7682309999986785
16.621994000001195
29.637136000001618
72.48069199999918
17.771304000000043
9.693365000000398
31.264027999998945
11.976829999998273
16.77067600000015
4.997411000001506
52.49555199999989
12.510935999998196
7.483215000000598
2.5222570000025257
10.269657999998572
4.711107999998632
30.018054000002792
19.99005599999748
12.522814000000437
13.718407999999016
37.06505600000298
15.449746999998126
24.543060999999256
22.94647800000149
11.296090999998398
27.44582800000117
0.03481499999935522
18.277147999999244
26.731093000002204
21.238075999999495
32.03405900000078
39.98010999999835
2.0237860000023034
12.189816999999437
27.49661700000061
4.999868999998824
17.531693999998765
15.813053000002242
21.944619999999304
23.441262999998713
32.5235190000015
20.047397999999106
32.46003199999947
23.722242000001614
22.51395100000053
1.3033159999977784
2.4673720000016885
26.283819999999736
21.20571899999746
23.72060400000109
15.014352000001452
16.263601999998656
18.861634000000294
36.18648500000177
16.1730829999982
13.768378000001746
10.032095999999768
20.025279999998702
56.188418000001406
0.8109889999978748
2.9965619999998694
28.90929400000175
21.093491999998548
13.697108999998875
19.987188000001765
34.32981199999929
3.1546650000002785
47.533775000001555
7.473383999997196
12.558858000002004
41.182257999999194
14.182474000001832
13.880196999998873
14.433552999999932
5.563874999999996
40.003046999999015
0.6844249999993224
27.506038000002064
22.527466999999746
27.48842500000137
3.746521999996588
21.245860000000505
28.769623000002298
31.2136489999979
8.782845000002482
9.993183999998934
18.728516999999556
21.3089360000005
16.193971999999945
19.790175000000687
77.72549599999934
18.744082000001328
0.06881099999844764
2.439110000000966
1.233685999999068
32.50303899999807
37.498403000000735
2.5296300000015037
31.215286999998426
16.059217000002235
23.3323119999973
0.03973000000101479
19.348227000001827
21.23561999999879
19.98309200000037
21.24954499999987
20.008076999999957
22.507396999998264
62.486688999999984
8.746391000002518
23.788595999999274
9.996870999998464
11.303873000002795
8.6644739999997
5.282894999997012
54.71061700000135
5.272655999998932
20.035929000002284
2.2445550000007586
17.7340319999999
27.20130199999815
32.78197000000205
22.270653999999723
27.446236999999485
8.284373999998706
19.998656000002057
7.991516999997117
12.027619000001266
43.03524499999867
21.207357000001537
3.7031059999996785
32.05290000000005
39.197383000001196
0.858500999999734
29.136207000000525
2.5218479999971066
24.22521900000163
24.06834499999988
11.68233499999971
10.00219599999852
44.99718200000302
22.516407999997767
9.983764000001116
30.00044199999863
10.8426750000028
36.663656999998295
15.00288400000116
1.6076419999997427
19.732012999998716
36.14552600000209
7.503693999996841
10.087800000000868
13.653284000000099
33.78341799999873
77.50800400000202
26.246956000001376
2.009449999999191
21.7070580000005
3.0928169999988597
0.40590400000084514
6.506341999998
15.005750000000262
50.04743099999942
1.243106000000438
2.4411589999999705
41.27400600000186
5.018299999999698
10.509677999998246
50.692945000001544
7.667121000000776
2.329749999997688
18.765380000001386
57.50525099999848
19.992102999999872
1.8165330000030622
30.680771999996637
5.015023000002117
4.299879999997813
47.00417400000134
3.6895900000004644
49.595242999998845
59.75922600000061
6.867191000001327
1.2496599999991531
2.5726370000000998
1.368441000000331
27.862791000000442
0.8040250000007632
22.40499999999912
17.580434999999284
17.40840800000143
19.821303999997042
27.729264000001308
12.488407999999396
21.211453999999463
22.549175000001753
19.976538999998183
16.06208400000142
20.051902999998816
30.128234999999393
9.773234000000741
27.74319000000247
12.787409999997834
27.207036000000073
18.72114500000066
13.76305300000169
26.665557999997702
30.934718000001027
6.136481999998722
16.253773000002525
30.006175999996998
40.02065999999971
67.7863770000009
5.941108000001805
26.251871999999565
5.040418000000102
9.970657000000216
58.73852699999915
31.236585999998567
2.796682999999689
6.28721100000007
0.11878100000117797
0.05447599999897079
0.0647150000006036
21.920864000001927
21.249954999998266
20.007668000001644
14.583462999997465
17.9105650000011
17.51817699999947
26.31781600000238
38.67843199999754
4.994545000002404
8.349907999999573
21.65012400000066
38.33069099999875
6.659937999998533
15.007798999999267
32.49607600000104
8.800048000001226
17.016428999998112
48.65154700000218
0.0393209999991484
11.340325999999123
26.86994400000131
22.26287199999888
30.00044200000218
42.50769199999738
0.05488500000083718
21.214731000000597
5.039189000001443
13.685640999998583
16.436039999998542
20.019136000001936
19.917147999997553
26.157257000001266
14.963153000000062
32.525975999998735
46.30213700000141
8.687411000000367
1.2959429999988004
14.033384000001092
17.14954599999885
47.505103000002435
10.055851999997145
4.960139000001362
35.00932200000051
8.726730999999432
28.765117999999035
7.226812000002525
26.543908999997257
26.209685000001315
1.820218999998957
37.35054000000204
19.62633899999844
8.734923000002226
21.221692999997543
18.752683000002435
14.34016699999674
19.958516000002646
30.7078049999987
11.287079999998895
38.7357750000028
3.5191999999995005
55.75343399999966
36.950369999999566
10.007519999998493
1.2222180000023286
11.82323399999774
1.9426869999996654
18.060475000002185
40.70262699999816
32.47641600000151
8.74024799999873
18.767428000000308
2.4829359999998246
57.52941700000136
10.00670099999823
0.09953100000004156
7.377540000000238
32.513278999999784
16.218138000002824
13.783123999999702
18.769884999997544
18.53519100000156
32.68121099999988
7.283334000000252
27.705098999998512
16.245990000001598
25.038665000000293
28.700812000000298
15.026639999998537
30.063110000000393
9.930106999998856
7.490587999999576
32.50918300000194
5.297232000000207
44.70719200000062
50.0056519999994
5.257911000001059
2.2449639999990723
13.822035000000454
8.639897999998425
50.104773000001046
13.656969999999546
0.06758199999978842
11.471396000001022
22.82687800000005
28.124109000000175
27.503169999999244
2.586563000001263
22.271882999998383
31.404927000000527
5.009290000000277
20.006847999997746
22.472173000000595
41.268681000001806
3.7260430000003453
15.006978999998921
61.25382200000118
41.282606999999416
10.013663999998812
23.227047999998973
62.95321099999995
8.754584000001842
35.01628500000109
19.350274999997197
8.136921000001962
3.7710979999978633
3.832946000002835
0.2981819999980928
0.1994710000019495
5.699448999997969
16.250904999999705
63.729385000002026
3.726862999997138
26.2326210000019
18.78217299999818
5.009289000000194
44.29473500000114
31.98081200000047
0.0647150000006036
8.64645100000061
10.01161599999989
15.467358999998737
11.996491000001441
33.81331799999998
12.4253319999994
13.77616099999912
28.723338999999015
10.007930000000442
15.050395999999466
24.99320100000091
